1688484362593 0.24662500619888306 0
1688484363045 0.3264999985694885 1
1688484363501 0.37299999594688416 2
1688484363940 0.38887500762939453 3
1688484364352 0.40587499737739563 4
1688484364756 0.41075000166893005 5
1688484365223 0.41725000739097595 6
1688484365654 0.4168750047683716 7
1688484366126 0.4188750088214874 8
1688484366569 0.42237499356269836 9
1688484367002 0.4247500002384186 10
1688484367464 0.42287498712539673 11
1688484367896 0.42399999499320984 12
1688484368330 0.4183749854564667 13
1688484368729 0.4235000014305115 14
1688484369122 0.41999998688697815 15
1688484369552 0.42625001072883606 16
1688484369999 0.43062499165534973 17
1688484370442 0.42412498593330383 18
1688484370877 0.42787501215934753 19
1688484371330 0.4286249876022339 20
1688484371840 0.4309999942779541 21
1688484372297 0.4267500042915344 22
1688484372754 0.429749995470047 23
1688484373173 0.4307500123977661 24
1688484373585 0.43575000762939453 25
1688484373996 0.43037500977516174 26
1688484374410 0.42875000834465027 27
1688484374808 0.4391250014305115 28
1688484375202 0.4282500147819519 29
1688484375599 0.43149998784065247 30
1688484375990 0.4300000071525574 31
1688484376379 0.4286249876022339 32
1688484376777 0.4281249940395355 33
1688484377167 0.4256249964237213 34
1688484377563 0.43162500858306885 35
1688484377953 0.42762500047683716 36
1688484378348 0.42800000309944153 37
1688484378735 0.4323750138282776 38
1688484379126 0.43575000762939453 39
1688484379520 0.43712499737739563 40
1688484379926 0.4248749911785126 41
1688484380327 0.4336250126361847 42
1688484380720 0.43849998712539673 43
1688484381136 0.4333750009536743 44
1688484381527 0.43974998593330383 45
1688484381921 0.4358749985694885 46
1688484382313 0.43174999952316284 47
1688484382701 0.4363749921321869 48
1688484383097 0.4358749985694885 49
1688484383488 0.4347499907016754 50
1688484383880 0.4386250078678131 51
1688484384275 0.43937501311302185 52
1688484384670 0.43787500262260437 53
1688484385063 0.429874986410141 54
1688484385474 0.43575000762939453 55
1688484385865 0.43674999475479126 56
1688484386262 0.4347499907016754 57
1688484386659 0.4309999942779541 58
1688484387052 0.4398750066757202 59
1688484387451 0.4401249885559082 60
1688484387847 0.43424999713897705 61
1688484388245 0.43837499618530273 62
1688484388646 0.4347499907016754 63
1688484389042 0.4427500069141388 64
1688484389437 0.44212499260902405 65
1688484389831 0.4308750033378601 66
1688484390224 0.43575000762939453 67
1688484390620 0.4440000057220459 68
1688484391014 0.4336250126361847 69
1688484391406 0.43812501430511475 70
1688484391800 0.4347499907016754 71
1688484392194 0.4398750066757202 72
1688484392585 0.43849998712539673 73
1688484392977 0.44200000166893005 74
1688484393369 0.4403750002384186 75
1688484393757 0.44437500834465027 76
1688484394147 0.4390000104904175 77
1688484394538 0.43837499618530273 78
1688484394934 0.43575000762939453 79
1688484395327 0.44325000047683716 80
1688484395721 0.4412499964237213 81
1688484396116 0.4416249990463257 82
1688484396511 0.43849998712539673 83
1688484396902 0.4442499876022339 84
1688484397296 0.4410000145435333 85
1688484397688 0.43562498688697815 86
1688484398085 0.44487500190734863 87
1688484398478 0.44350001215934753 88
1688484398876 0.4424999952316284 89
1688484399271 0.4411250054836273 90
1688484399689 0.43974998593330383 91
1688484400081 0.4403750002384186 92
1688484400479 0.4348750114440918 93
1688484400869 0.44437500834465027 94
1688484401270 0.4440000057220459 95
1688484401694 0.4491249918937683 96
1688484402089 0.4506250023841858 97
1688484402490 0.4390000104904175 98
1688484402884 0.44624999165534973 99
