1688484362593 0.35408833622932434 0
1688484363045 0.12063061445951462 1
1688484363501 0.11746913194656372 2
1688484363940 0.11639051139354706 3
1688484364352 0.11536581814289093 4
1688484364756 0.11448044329881668 5
1688484365223 0.11398732662200928 6
1688484365654 0.11358258128166199 7
1688484366126 0.11326801776885986 8
1688484366569 0.11318408697843552 9
1688484367002 0.11265228688716888 10
1688484367464 0.11252087354660034 11
1688484367896 0.11244279146194458 12
1688484368330 0.1123323068022728 13
1688484368729 0.11221633106470108 14
1688484369122 0.11195892840623856 15
1688484369552 0.11159936338663101 16
1688484369999 0.11164692044258118 17
1688484370442 0.11149445176124573 18
1688484370877 0.11134661734104156 19
1688484371330 0.11134696006774902 20
1688484371840 0.11131495237350464 21
1688484372297 0.11109570413827896 22
1688484372754 0.11090810596942902 23
1688484373173 0.11088872700929642 24
1688484373585 0.11085125058889389 25
1688484373996 0.1108904480934143 26
1688484374410 0.1107153445482254 27
1688484374808 0.11062901467084885 28
1688484375202 0.11061827093362808 29
1688484375599 0.1105545163154602 30
1688484375990 0.11055462062358856 31
1688484376379 0.11042637377977371 32
1688484376777 0.11037692427635193 33
1688484377167 0.1102987676858902 34
1688484377563 0.11015908420085907 35
1688484377953 0.11012329161167145 36
1688484378348 0.11031291633844376 37
1688484378735 0.10987133532762527 38
1688484379126 0.10987265408039093 39
1688484379520 0.10977187752723694 40
1688484379926 0.10982947796583176 41
1688484380327 0.10971216857433319 42
1688484380720 0.10943559557199478 43
1688484381136 0.10956747829914093 44
1688484381527 0.10934276133775711 45
1688484381921 0.10931352525949478 46
1688484382313 0.10925453901290894 47
1688484382701 0.1091807633638382 48
1688484383097 0.10914012789726257 49
1688484383488 0.1091165617108345 50
1688484383880 0.10901274532079697 51
1688484384275 0.10887723416090012 52
1688484384670 0.10891906172037125 53
1688484385063 0.10894475132226944 54
1688484385474 0.10884600132703781 55
1688484385865 0.10879852622747421 56
1688484386262 0.10873919725418091 57
1688484386659 0.10875637829303741 58
1688484387052 0.10855467617511749 59
1688484387451 0.10860677063465118 60
1688484387847 0.10862583667039871 61
1688484388245 0.10854608565568924 62
1688484388646 0.10856600850820541 63
1688484389042 0.1084672287106514 64
1688484389437 0.10843551158905029 65
1688484389831 0.10844657570123672 66
1688484390224 0.10831166058778763 67
1688484390620 0.10824735462665558 68
1688484391014 0.10835970938205719 69
1688484391406 0.10830013453960419 70
1688484391800 0.10821103304624557 71
1688484392194 0.10820456594228745 72
1688484392585 0.10821718722581863 73
1688484392977 0.10811108350753784 74
1688484393369 0.10821256786584854 75
1688484393757 0.1081637516617775 76
1688484394147 0.1080842912197113 77
1688484394538 0.10808221995830536 78
1688484394934 0.10806550830602646 79
1688484395327 0.10803966224193573 80
1688484395721 0.10796450078487396 81
1688484396116 0.10800235718488693 82
1688484396511 0.10793281346559525 83
1688484396902 0.10799871385097504 84
1688484397296 0.10788735747337341 85
1688484397688 0.10790867358446121 86
1688484398085 0.107939213514328 87
1688484398478 0.10787200182676315 88
1688484398876 0.10785184055566788 89
1688484399271 0.1079523041844368 90
1688484399689 0.10783828794956207 91
1688484400081 0.10775953531265259 92
1688484400479 0.10777134448289871 93
1688484400869 0.10776016861200333 94
1688484401270 0.10779731720685959 95
1688484401694 0.10771281272172928 96
1688484402089 0.1076018363237381 97
1688484402490 0.10763838142156601 98
1688484402884 0.10767394304275513 99
