1688633386007 0.4878750145435333 0
1688633388047 0.49149999022483826 1
1688633389900 0.5027499794960022 2
1688633392111 0.5 3
1688633394201 0.5026249885559082 4
1688633396205 0.5066249966621399 5
1688633398322 0.5036249756813049 6
1688633400357 0.5049999952316284 7
1688633402212 0.5076249837875366 8
1688633404286 0.5059999823570251 9
1688633406317 0.5138750076293945 10
1688633408272 0.512499988079071 11
1688633410094 0.5081250071525574 12
1688633411925 0.515625 13
1688633413800 0.5132499933242798 14
1688633415620 0.5206249952316284 15
1688633417436 0.5198749899864197 16
1688633419348 0.5231249928474426 17
1688633421138 0.5274999737739563 18
1688633422947 0.5222499966621399 19
1688633424843 0.5218750238418579 20
1688633426648 0.5283750295639038 21
1688633428437 0.5272499918937683 22
1688633430288 0.528249979019165 23
1688633432097 0.531374990940094 24
1688633433885 0.5347499847412109 25
1688633435727 0.5397499799728394 26
1688633437516 0.5379999876022339 27
1688633439378 0.5389999747276306 28
1688633441183 0.5429999828338623 29
1688633442974 0.5412499904632568 30
1688633444852 0.5502499938011169 31
1688633446646 0.5502499938011169 32
1688633448447 0.547249972820282 33
1688633450368 0.5556250214576721 34
1688633452174 0.5558750033378601 35
1688633453996 0.5511249899864197 36
1688633455912 0.5578749775886536 37
1688633457708 0.5611249804496765 38
1688633459577 0.5677499771118164 39
1688633461453 0.5634999871253967 40
1688633463282 0.5686249732971191 41
1688633465217 0.577875018119812 42
1688633467019 0.5705000162124634 43
1688633468892 0.575124979019165 44
1688633470777 0.5767499804496765 45
1688633472611 0.5826249718666077 46
1688633474450 0.5820000171661377 47
1688633476329 0.5860000252723694 48
1688633478202 0.5842499732971191 49
1688633479988 0.5914999842643738 50
1688633481889 0.5881249904632568 51
1688633483687 0.5997499823570251 52
1688633485539 0.6003749966621399 53
1688633487400 0.6027500033378601 54
1688633489241 0.5973749756813049 55
1688633491131 0.6028749942779541 56
1688633493013 0.609125018119812 57
1688633494812 0.6122499704360962 58
1688633496746 0.6132500171661377 59
1688633498557 0.6168749928474426 60
1688633500388 0.6244999766349792 61
1688633502309 0.6237499713897705 62
1688633504105 0.6187499761581421 63
1688633505976 0.6228749752044678 64
1688633507844 0.6255000233650208 65
1688633509667 0.6269999742507935 66
1688633511538 0.6302499771118164 67
1688633513385 0.6323750019073486 68
1688633515316 0.6343749761581421 69
1688633517214 0.6377500295639038 70
1688633519087 0.640500009059906 71
1688633520907 0.6416249871253967 72
1688633522881 0.6466249823570251 73
1688633524686 0.6433749794960022 74
1688633526524 0.6516249775886536 75
1688633528442 0.652999997138977 76
1688633530253 0.6528750061988831 77
1688633532215 0.6521250009536743 78
1688633534096 0.659500002861023 79
1688633535922 0.6588749885559082 80
1688633537942 0.6667500138282776 81
1688633539771 0.6642500162124634 82
1688633541665 0.6657500267028809 83
1688633543560 0.6636250019073486 84
1688633545418 0.6692500114440918 85
1688633547272 0.6694999933242798 86
1688633549147 0.6729999780654907 87
1688633551035 0.6802499890327454 88
1688633552857 0.675125002861023 89
1688633554784 0.6787499785423279 90
1688633556602 0.6736249923706055 91
1688633558527 0.6858749985694885 92
1688633560508 0.6859999895095825 93
1688633562380 0.690500020980835 94
1688633564464 0.6891250014305115 95
1688633566305 0.687250018119812 96
1688633568111 0.6945000290870667 97
1688633570039 0.6931250095367432 98
1688633571865 0.6963750123977661 99
