1688633386007 0.024847185239195824 0
1688633388047 0.021670594811439514 1
1688633389900 0.021401504054665565 2
1688633392111 0.021275490522384644 3
1688633394201 0.02113373391330242 4
1688633396205 0.02103680558502674 5
1688633398322 0.02098413184285164 6
1688633400357 0.02084733359515667 7
1688633402212 0.02080952376127243 8
1688633404286 0.02071573957800865 9
1688633406317 0.020690543577075005 10
1688633408272 0.02058233693242073 11
1688633410094 0.020480550825595856 12
1688633411925 0.020438753068447113 13
1688633413800 0.020382799208164215 14
1688633415620 0.020249947905540466 15
1688633417436 0.020268194377422333 16
1688633419348 0.020180895924568176 17
1688633421138 0.020062899217009544 18
1688633422947 0.019995884969830513 19
1688633424843 0.019904760643839836 20
1688633426648 0.019824406132102013 21
1688633428437 0.019732199609279633 22
1688633430288 0.019659478217363358 23
1688633432097 0.019589493051171303 24
1688633433885 0.019430389627814293 25
1688633435727 0.01938026398420334 26
1688633437516 0.019285796210169792 27
1688633439378 0.01917167939245701 28
1688633441183 0.0190576259046793 29
1688633442974 0.01893891952931881 30
1688633444852 0.01883802004158497 31
1688633446646 0.018707960844039917 32
1688633448447 0.01863873191177845 33
1688633450368 0.018541529774665833 34
1688633452174 0.01841452345252037 35
1688633453996 0.0182684026658535 36
1688633455912 0.018161946907639503 37
1688633457708 0.018027450889348984 38
1688633459577 0.017933549359440804 39
1688633461453 0.017780816182494164 40
1688633463282 0.017623044550418854 41
1688633465217 0.017514940351247787 42
1688633467019 0.017425037920475006 43
1688633468892 0.017246490344405174 44
1688633470777 0.01717158406972885 45
1688633472611 0.01700207032263279 46
1688633474450 0.016882596537470818 47
1688633476329 0.016758441925048828 48
1688633478202 0.016552679240703583 49
1688633479988 0.016482891514897346 50
1688633481889 0.016318345442414284 51
1688633483687 0.01623842865228653 52
1688633485539 0.01601826399564743 53
1688633487400 0.015940682962536812 54
1688633489241 0.01584426313638687 55
1688633491131 0.015703300014138222 56
1688633493013 0.015520663000643253 57
1688633494812 0.015404273755848408 58
1688633496746 0.015273584984242916 59
1688633498557 0.015156571753323078 60
1688633500388 0.015019653365015984 61
1688633502309 0.014921369962394238 62
1688633504105 0.014756220392882824 63
1688633505976 0.014643317088484764 64
1688633507844 0.014517629519104958 65
1688633509667 0.014414303004741669 66
1688633511538 0.014225398190319538 67
1688633513385 0.014175384305417538 68
1688633515316 0.01395692490041256 69
1688633517214 0.013887330889701843 70
1688633519087 0.013728215359151363 71
1688633520907 0.013634532690048218 72
1688633522881 0.01350346952676773 73
1688633524686 0.013380097225308418 74
1688633526524 0.01322128251194954 75
1688633528442 0.013117609545588493 76
1688633530253 0.013026805594563484 77
1688633532215 0.012878424488008022 78
1688633534096 0.012779547832906246 79
1688633535922 0.012632830999791622 80
1688633537942 0.012556513771414757 81
1688633539771 0.012458903715014458 82
1688633541665 0.012297244742512703 83
1688633543560 0.012252896092832088 84
1688633545418 0.012182889506220818 85
1688633547272 0.01196147408336401 86
1688633549147 0.01191983837634325 87
1688633551035 0.011759293265640736 88
1688633552857 0.011696502566337585 89
1688633554784 0.011596610769629478 90
1688633556602 0.011494884267449379 91
1688633558527 0.011337647214531898 92
1688633560508 0.011352448724210262 93
1688633562380 0.011166451498866081 94
1688633564464 0.011114269495010376 95
1688633566305 0.011026174761354923 96
1688633568111 0.010919314809143543 97
1688633570039 0.010846002958714962 98
1688633571865 0.01074217725545168 99
