1688565899199 0.2382500022649765 0
1688565900300 0.32912498712539673 1
1688565901355 0.32987499237060547 2
1688565902399 0.3397499918937683 3
1688565903474 0.3661249876022339 4
1688565904547 0.38225001096725464 5
1688565905612 0.39800000190734863 6
1688565906629 0.41200000047683716 7
1688565908170 0.41612499952316284 8
1688565909540 0.43050000071525574 9
1688565910811 0.4358749985694885 10
1688565911961 0.4424999952316284 11
1688565913051 0.4502499997615814 12
1688565914058 0.4544999897480011 13
1688565915132 0.45637500286102295 14
1688565916197 0.460750013589859 15
1688565917311 0.4672499895095825 16
1688565918316 0.4702500104904175 17
1688565919281 0.47337499260902405 18
1688565920268 0.47462499141693115 19
1688565921237 0.4807499945163727 20
1688565922201 0.4827499985694885 21
1688565923167 0.48374998569488525 22
1688565924151 0.4827499985694885 23
1688565925104 0.48774999380111694 24
1688565926069 0.48899999260902405 25
1688565927031 0.4881249964237213 26
1688565927997 0.4908750057220459 27
1688565928969 0.49549999833106995 28
1688565929948 0.4963749945163727 29
1688565930927 0.4962500035762787 30
1688565931888 0.500374972820282 31
1688565932880 0.49912500381469727 32
1688565933853 0.5018749833106995 33
1688565934847 0.5043749809265137 34
1688565935806 0.5018749833106995 35
1688565936771 0.5034999847412109 36
1688565937727 0.5027499794960022 37
1688565938681 0.5051249861717224 38
1688565939631 0.5044999718666077 39
1688565940574 0.5059999823570251 40
1688565941548 0.5061249732971191 41
1688565942554 0.5051249861717224 42
1688565943543 0.500374972820282 43
1688565944501 0.5073750019073486 44
1688565945481 0.5005000233650208 45
1688565946551 0.5052499771118164 46
1688565947536 0.5087500214576721 47
1688565948540 0.5091249942779541 48
1688565949536 0.5090000033378601 49
1688565950521 0.5073750019073486 50
1688565951513 0.5016250014305115 51
1688565952489 0.5071250200271606 52
1688565953452 0.5053750276565552 53
1688565954421 0.5111250281333923 54
1688565955381 0.5081250071525574 55
1688565956410 0.5048750042915344 56
1688565957399 0.5087500214576721 57
1688565958484 0.5077499747276306 58
1688565959478 0.5072500109672546 59
1688565960478 0.5115000009536743 60
1688565961536 0.5041249990463257 61
1688565962526 0.5080000162124634 62
1688565963538 0.5063750147819519 63
1688565964516 0.5072500109672546 64
1688565965514 0.5106250047683716 65
1688565966520 0.5096250176429749 66
1688565967482 0.5097500085830688 67
1688565968466 0.5040000081062317 68
1688565969441 0.5057500004768372 69
1688565970463 0.5068749785423279 70
1688565971473 0.5067499876022339 71
1688565972478 0.5076249837875366 72
1688565973464 0.5113750100135803 73
1688565974531 0.5078750252723694 74
1688565975514 0.5091249942779541 75
1688565976509 0.5084999799728394 76
1688565977591 0.503250002861023 77
1688565978570 0.5076249837875366 78
1688565979570 0.5115000009536743 79
1688565980620 0.5086249709129333 80
1688565981615 0.5096250176429749 81
1688565982636 0.503250002861023 82
1688565983659 0.5073750019073486 83
1688565984756 0.5068749785423279 84
1688565985751 0.5103750228881836 85
1688565986817 0.5098749995231628 86
1688565987847 0.5087500214576721 87
1688565988839 0.5078750252723694 88
1688565989967 0.5057500004768372 89
1688565990945 0.5098749995231628 90
1688565992019 0.5088750123977661 91
1688565993112 0.5057500004768372 92
1688565994173 0.5096250176429749 93
1688565995170 0.5061249732971191 94
1688565996212 0.5084999799728394 95
1688565997211 0.5081250071525574 96
1688565998240 0.5116249918937683 97
1688565999243 0.5065000057220459 98
1688566000244 0.5083749890327454 99
