1688565899199 0.19374586641788483 0
1688565900300 0.13894814252853394 1
1688565901355 0.12823927402496338 2
1688565902399 0.12647882103919983 3
1688565903474 0.12574481964111328 4
1688565904547 0.12501206994056702 5
1688565905612 0.1242450624704361 6
1688565906629 0.12346670776605606 7
1688565908170 0.12271137535572052 8
1688565909540 0.12197867035865784 9
1688565910811 0.12130358070135117 10
1688565911961 0.12065152078866959 11
1688565913051 0.12005589157342911 12
1688565914058 0.11947883665561676 13
1688565915132 0.11892936378717422 14
1688565916197 0.11842724680900574 15
1688565917311 0.11793336272239685 16
1688565918316 0.11748337000608444 17
1688565919281 0.11703982204198837 18
1688565920268 0.1166280135512352 19
1688565921237 0.11622356623411179 20
1688565922201 0.1158473864197731 21
1688565923167 0.11547481268644333 22
1688565924151 0.11513636261224747 23
1688565925104 0.11479949951171875 24
1688565926069 0.11449059844017029 25
1688565927031 0.1141827255487442 26
1688565927997 0.11387885361909866 27
1688565928969 0.11362777650356293 28
1688565929948 0.11337097734212875 29
1688565930927 0.11311135441064835 30
1688565931888 0.11286336928606033 31
1688565932880 0.11266245692968369 32
1688565933853 0.11244571954011917 33
1688565934847 0.1122586652636528 34
1688565935806 0.11206672340631485 35
1688565936771 0.11188623309135437 36
1688565937727 0.11171437054872513 37
1688565938681 0.11154429614543915 38
1688565939631 0.11140428483486176 39
1688565940574 0.11123884469270706 40
1688565941548 0.11110828071832657 41
1688565942554 0.11096259206533432 42
1688565943543 0.11083438247442245 43
1688565944501 0.11070553958415985 44
1688565945481 0.11061201989650726 45
1688565946551 0.11050330102443695 46
1688565947536 0.110361248254776 47
1688565948540 0.11025840789079666 48
1688565949536 0.11018494516611099 49
1688565950521 0.11006320267915726 50
1688565951513 0.10996413230895996 51
1688565952489 0.10988803952932358 52
1688565953452 0.10981474816799164 53
1688565954421 0.10970445722341537 54
1688565955381 0.10963748395442963 55
1688565956410 0.10956252366304398 56
1688565957399 0.10947919636964798 57
1688565958484 0.10939808189868927 58
1688565959478 0.10933317244052887 59
1688565960478 0.10926599055528641 60
1688565961536 0.10919702798128128 61
1688565962526 0.10914156585931778 62
1688565963538 0.10904204845428467 63
1688565964516 0.10901849716901779 64
1688565965514 0.10895153135061264 65
1688565966520 0.10890219360589981 66
1688565967482 0.10884076356887817 67
1688565968466 0.1087743490934372 68
1688565969441 0.10874175280332565 69
1688565970463 0.10865452885627747 70
1688565971473 0.1086307242512703 71
1688565972478 0.10857748985290527 72
1688565973464 0.10852889716625214 73
1688565974531 0.10849961638450623 74
1688565975514 0.10845023393630981 75
1688565976509 0.10838538408279419 76
1688565977591 0.10835699737071991 77
1688565978570 0.10830803960561752 78
1688565979570 0.10827835649251938 79
1688565980620 0.10821282863616943 80
1688565981615 0.10818716883659363 81
1688565982636 0.10815978050231934 82
1688565983659 0.1081208810210228 83
1688565984756 0.10808610171079636 84
1688565985751 0.10803507268428802 85
1688565986817 0.10799584537744522 86
1688565987847 0.10794951766729355 87
1688565988839 0.10795138776302338 88
1688565989967 0.10790927708148956 89
1688565990945 0.10787935554981232 90
1688565992019 0.10783232748508453 91
1688565993112 0.10779068619012833 92
1688565994173 0.10779494792222977 93
1688565995170 0.10772852599620819 94
1688565996212 0.10770125687122345 95
1688565997211 0.10767265409231186 96
1688565998240 0.1076652854681015 97
1688565999243 0.10764308273792267 98
1688566000244 0.10759837180376053 99
