1689100691872 0.4831250011920929 0
1689100693576 0.5011249780654907 1
1689100695278 0.5051249861717224 2
1689100697029 0.5088750123977661 3
1689100698753 0.5081250071525574 4
1689100700674 0.5137500166893005 5
1689100702325 0.5133749842643738 6
1689100704125 0.5177500247955322 7
1689100706205 0.515250027179718 8
1689100708750 0.5136250257492065 9
1689100710931 0.5242499709129333 10
1689100712650 0.515999972820282 11
1689100714365 0.5227500200271606 12
1689100716074 0.5174999833106995 13
1689100717809 0.5276250243186951 14
1689100719547 0.53125 15
1689100721293 0.5289999842643738 16
1689100722973 0.531125009059906 17
1689100724671 0.5352500081062317 18
1689100726368 0.5373749732971191 19
1689100728086 0.5385000109672546 20
1689100729736 0.5417500138282776 21
1689100731369 0.5485000014305115 22
1689100733102 0.5444999933242798 23
1689100735130 0.5512499809265137 24
1689100736864 0.5473750233650208 25
1689100738526 0.5521249771118164 26
1689100740240 0.5633749961853027 27
1689100742128 0.5596250295639038 28
1689100743966 0.565625011920929 29
1689100745812 0.5695000290870667 30
1689100747555 0.5727499723434448 31
1689100749299 0.5726249814033508 32
1689100751260 0.5755000114440918 33
1689100752976 0.578499972820282 34
1689100754703 0.5836250185966492 35
1689100756657 0.5918750166893005 36
1689100758722 0.5987499952316284 37
1689100760819 0.5897499918937683 38
1689100763064 0.6013749837875366 39
1689100765063 0.6001250147819519 40
1689100767191 0.6103749871253967 41
1689100770308 0.6162499785423279 42
1689100773081 0.6163750290870667 43
1689100775675 0.6178749799728394 44
1689100777910 0.6225000023841858 45
1689100779835 0.6286249756813049 46
1689100781536 0.6334999799728394 47
1689100783236 0.6317499876022339 48
1689100785362 0.6461250185966492 49
1689100787132 0.6430000066757202 50
1689100789008 0.6501250267028809 51
1689100790730 0.6556249856948853 52
1689100792648 0.6548749804496765 53
1689100794329 0.6678749918937683 54
1689100796175 0.668624997138977 55
1689100798047 0.6738749742507935 56
1689100799981 0.6762499809265137 57
1689100802192 0.6807500123977661 58
1689100804193 0.6853749752044678 59
1689100806095 0.6881250143051147 60
1689100808281 0.6850000023841858 61
1689100810598 0.6924999952316284 62
1689100812823 0.6953750252723694 63
1689100814698 0.7011250257492065 64
1689100816363 0.706250011920929 65
1689100818133 0.7076249718666077 66
1689100819828 0.7057499885559082 67
1689100821829 0.7172499895095825 68
1689100824108 0.7182499766349792 69
1689100826554 0.7225000262260437 70
1689100828830 0.7229999899864197 71
1689100831062 0.7348750233650208 72
1689100833144 0.7300000190734863 73
1689100835361 0.7362499833106995 74
1689100837680 0.734375 75
1689100839911 0.7421249747276306 76
1689100842079 0.7421249747276306 77
1689100843938 0.7422500252723694 78
1689100845772 0.7478749752044678 79
1689100847476 0.7518749833106995 80
1689100849193 0.7493749856948853 81
1689100850901 0.7542499899864197 82
1689100852648 0.7620000243186951 83
1689100854449 0.7566249966621399 84
1689100856151 0.7607499957084656 85
1689100857874 0.7633749842643738 86
1689100859883 0.765749990940094 87
1689100861778 0.7633749842643738 88
1689100863941 0.7668750286102295 89
1689100866313 0.7718750238418579 90
1689100869087 0.7735000252723694 91
1689100871995 0.7760000228881836 92
1689100874821 0.7741249799728394 93
1689100877687 0.7742499709129333 94
1689100880515 0.778124988079071 95
1689100882821 0.7841249704360962 96
1689100884738 0.7857499718666077 97
1689100886637 0.7841249704360962 98
1689100888565 0.7861250042915344 99
