1689100691872 0.024464501067996025 0
1689100693576 0.021717499941587448 1
1689100695278 0.021467240527272224 2
1689100697029 0.02121034450829029 3
1689100698753 0.021071797236800194 4
1689100700674 0.021068906411528587 5
1689100702325 0.020912354812026024 6
1689100704125 0.020785333588719368 7
1689100706205 0.02070506103336811 8
1689100708750 0.020635588094592094 9
1689100710931 0.020494909957051277 10
1689100712650 0.020427940413355827 11
1689100714365 0.020335154607892036 12
1689100716074 0.020216507837176323 13
1689100717809 0.02012520655989647 14
1689100719547 0.02001638524234295 15
1689100721293 0.019910195842385292 16
1689100722973 0.019765464588999748 17
1689100724671 0.019637569785118103 18
1689100726368 0.019451726227998734 19
1689100728086 0.019345350563526154 20
1689100729736 0.019242126494646072 21
1689100731369 0.019017478451132774 22
1689100733102 0.018872052431106567 23
1689100735130 0.018770715221762657 24
1689100736864 0.01858699880540371 25
1689100738526 0.01839282549917698 26
1689100740240 0.018255073577165604 27
1689100742128 0.018070518970489502 28
1689100743966 0.017828531563282013 29
1689100745812 0.017637290060520172 30
1689100747555 0.017501041293144226 31
1689100749299 0.01728469878435135 32
1689100751260 0.017057960852980614 33
1689100752976 0.016841262578964233 34
1689100754703 0.016628460958600044 35
1689100756657 0.016422240063548088 36
1689100758722 0.01620582304894924 37
1689100760819 0.015977559611201286 38
1689100763064 0.0157158225774765 39
1689100765063 0.0155668705701828 40
1689100767191 0.01531454548239708 41
1689100770308 0.015051620081067085 42
1689100773081 0.01482420600950718 43
1689100775675 0.01465554442256689 44
1689100777910 0.014335541985929012 45
1689100779835 0.014093698002398014 46
1689100781536 0.013898469507694244 47
1689100783236 0.013661988079547882 48
1689100785362 0.01342680398374796 49
1689100787132 0.013196507468819618 50
1689100789008 0.013004652224481106 51
1689100790730 0.01271804515272379 52
1689100792648 0.012536606751382351 53
1689100794329 0.012288128025829792 54
1689100796175 0.012097343802452087 55
1689100798047 0.011890054680407047 56
1689100799981 0.011689476668834686 57
1689100802192 0.011444512754678726 58
1689100804193 0.011241061612963676 59
1689100806095 0.011067671701312065 60
1689100808281 0.010883385315537453 61
1689100810598 0.010684279724955559 62
1689100812823 0.010497616603970528 63
1689100814698 0.010283755138516426 64
1689100816363 0.010105375200510025 65
1689100818133 0.009976076893508434 66
1689100819828 0.009801097214221954 67
1689100821829 0.009612157009541988 68
1689100824108 0.00949752889573574 69
1689100826554 0.009283846244215965 70
1689100828830 0.00912327878177166 71
1689100831062 0.008954325690865517 72
1689100833144 0.008814211934804916 73
1689100835361 0.008643154986202717 74
1689100837680 0.008531116880476475 75
1689100839911 0.008391008712351322 76
1689100842079 0.00824552308768034 77
1689100843938 0.008105514571070671 78
1689100845772 0.007978866808116436 79
1689100847476 0.007904720492661 80
1689100849193 0.00779058737680316 81
1689100850901 0.0076013728976249695 82
1689100852648 0.007514725439250469 83
1689100854449 0.00742783397436142 84
1689100856151 0.007280857767909765 85
1689100857874 0.007200646214187145 86
1689100859883 0.007076086476445198 87
1689100861778 0.007032403722405434 88
1689100863941 0.00685667572543025 89
1689100866313 0.006777521688491106 90
1689100869087 0.00666104257106781 91
1689100871995 0.006600268185138702 92
1689100874821 0.006529752165079117 93
1689100877687 0.00641245674341917 94
1689100880515 0.0063490308821201324 95
1689100882821 0.006275676656514406 96
1689100884738 0.006195393856614828 97
1689100886637 0.006100629922002554 98
1689100888565 0.006079636048525572 99
