1688634369014 0.4633750021457672 0
1688634371154 0.47712498903274536 1
1688634373197 0.4881249964237213 2
1688634375440 0.4884999990463257 3
1688634377658 0.492374986410141 4
1688634379956 0.492125004529953 5
1688634382159 0.4894999861717224 6
1688634384392 0.4946250021457672 7
1688634386476 0.4933750033378601 8
1688634388602 0.4962500035762787 9
1688634390860 0.5009999871253967 10
1688634393038 0.49924999475479126 11
1688634395095 0.49799999594688416 12
1688634397036 0.5012500286102295 13
1688634399010 0.5023750066757202 14
1688634401058 0.4950000047683716 15
1688634403029 0.49412500858306885 16
1688634405053 0.4933750033378601 17
1688634407046 0.4947499930858612 18
1688634409009 0.49125000834465027 19
1688634411077 0.4958750009536743 20
1688634413053 0.4957500100135803 21
1688634415086 0.4959999918937683 22
1688634417069 0.4957500100135803 23
1688634419035 0.48899999260902405 24
1688634421096 0.49262499809265137 25
1688634423166 0.49687498807907104 26
1688634425287 0.4971249997615814 27
1688634427307 0.5024999976158142 28
1688634429354 0.49924999475479126 29
1688634432216 0.4962500035762787 30
1688634434705 0.49937498569488525 31
1688634436968 0.503000020980835 32
1688634439449 0.4971249997615814 33
1688634441685 0.4964999854564667 34
1688634444208 0.5013750195503235 35
1688634446371 0.49549999833106995 36
1688634448443 0.4963749945163727 37
1688634450643 0.49825000762939453 38
1688634452824 0.500124990940094 39
1688634454948 0.4972499907016754 40
1688634456998 0.5009999871253967 41
1688634459094 0.5016250014305115 42
