1688634369014 0.0260399729013443 0
1688634371154 0.023486774414777756 1
1688634373197 0.023035787045955658 2
1688634375440 0.02287553995847702 3
1688634377658 0.022650916129350662 4
1688634379956 0.022573411464691162 5
1688634382159 0.02234053798019886 6
1688634384392 0.02216481789946556 7
1688634386476 0.022207433357834816 8
1688634388602 0.022177433595061302 9
1688634390860 0.021956857293844223 10
1688634393038 0.022070251405239105 11
1688634395095 0.022072767838835716 12
1688634397036 0.02197338454425335 13
1688634399010 0.021954026073217392 14
1688634401058 0.02196727879345417 15
1688634403029 0.022001609206199646 16
1688634405053 0.021907636895775795 17
1688634407046 0.021921807900071144 18
1688634409009 0.022027945145964622 19
1688634411077 0.021916769444942474 20
1688634413053 0.021953755989670753 21
1688634415086 0.021841365844011307 22
1688634417069 0.02194810099899769 23
1688634419035 0.021763114258646965 24
1688634421096 0.021869627758860588 25
1688634423166 0.021680941805243492 26
1688634425287 0.0217529758810997 27
1688634427307 0.021762927994132042 28
1688634429354 0.021729597821831703 29
1688634432216 0.02178461290895939 30
1688634434705 0.02170666493475437 31
1688634436968 0.02177911065518856 32
1688634439449 0.021861640736460686 33
1688634441685 0.02181684598326683 34
1688634444208 0.021778028458356857 35
1688634446371 0.021611426025629044 36
1688634448443 0.021693384274840355 37
1688634450643 0.02173331379890442 38
1688634452824 0.021629750728607178 39
1688634454948 0.021689612418413162 40
1688634456998 0.021752335131168365 41
1688634459094 0.021740004420280457 42
