1688632938844 0.476624995470047 0
1688632939881 0.5028749704360962 1
1688632940868 0.5073750019073486 2
1688632941851 0.5062500238418579 3
1688632942770 0.5062500238418579 4
1688632943720 0.5067499876022339 5
1688632944731 0.5065000057220459 6
1688632945759 0.5088750123977661 7
1688632946819 0.503125011920929 8
1688632947823 0.5028749704360962 9
1688632948828 0.5082499980926514 10
1688632949832 0.5103750228881836 11
1688632950883 0.5098749995231628 12
1688632951946 0.5057500004768372 13
1688632952873 0.5076249837875366 14
1688632953825 0.5068749785423279 15
1688632954842 0.5080000162124634 16
1688632955856 0.5024999976158142 17
1688632956918 0.5040000081062317 18
1688632957911 0.5083749890327454 19
1688632958821 0.5071250200271606 20
1688632959734 0.5097500085830688 21
1688632960642 0.5078750252723694 22
1688632961597 0.5086249709129333 23
1688632962537 0.5098749995231628 24
1688632963478 0.5105000138282776 25
1688632964398 0.5118749737739563 26
1688632965328 0.5090000033378601 27
1688632966235 0.5090000033378601 28
1688632967158 0.5068749785423279 29
1688632968070 0.5077499747276306 30
1688632968994 0.5073750019073486 31
1688632969905 0.5103750228881836 32
1688632970881 0.5076249837875366 33
1688632971801 0.512624979019165 34
1688632972707 0.5078750252723694 35
1688632973616 0.5068749785423279 36
1688632974531 0.5074999928474426 37
1688632975438 0.5148749947547913 38
1688632976347 0.5055000185966492 39
1688632977260 0.5118749737739563 40
1688632978169 0.5101249814033508 41
1688632979101 0.5087500214576721 42
1688632980271 0.5132499933242798 43
1688632981456 0.5083749890327454 44
1688632982463 0.5136250257492065 45
1688632983488 0.5105000138282776 46
1688632984489 0.5097500085830688 47
1688632985454 0.5109999775886536 48
1688632986470 0.5145000219345093 49
1688632987413 0.5097500085830688 50
1688632988339 0.5143749713897705 51
1688632989263 0.5098749995231628 52
1688632990201 0.5132499933242798 53
1688632991268 0.5145000219345093 54
