1688632938844 0.03174051642417908 0
1688632939881 0.02192319557070732 1
1688632940868 0.021139370277523994 2
1688632941851 0.021125679835677147 3
1688632942770 0.02111399732530117 4
1688632943720 0.021055685356259346 5
1688632944731 0.021008197218179703 6
1688632945759 0.020968548953533173 7
1688632946819 0.02095027267932892 8
1688632947823 0.020950017496943474 9
1688632948828 0.020878339186310768 10
1688632949832 0.020878341048955917 11
1688632950883 0.020892830565571785 12
1688632951946 0.020867519080638885 13
1688632952873 0.020823996514081955 14
1688632953825 0.02084401249885559 15
1688632954842 0.020841531455516815 16
1688632955856 0.020814737305045128 17
1688632956918 0.02081649750471115 18
1688632957911 0.020797735080122948 19
1688632958821 0.020784463733434677 20
1688632959734 0.02077932097017765 21
1688632960642 0.020773382857441902 22
1688632961597 0.02075873501598835 23
1688632962537 0.020756304264068604 24
1688632963478 0.020761385560035706 25
1688632964398 0.020737677812576294 26
1688632965328 0.02073386125266552 27
1688632966235 0.02073807641863823 28
1688632967158 0.02076007053256035 29
1688632968070 0.02076452039182186 30
1688632968994 0.02072010561823845 31
1688632969905 0.02070148102939129 32
1688632970881 0.020742695778608322 33
1688632971801 0.02070448361337185 34
1688632972707 0.02070433460175991 35
1688632973616 0.020705774426460266 36
1688632974531 0.02071385830640793 37
1688632975438 0.020699257031083107 38
1688632976347 0.020688168704509735 39
1688632977260 0.020716970786452293 40
1688632978169 0.02069268561899662 41
1688632979101 0.020673736929893494 42
1688632980271 0.020667826756834984 43
1688632981456 0.020684782415628433 44
1688632982463 0.0206435713917017 45
1688632983488 0.020661713555455208 46
1688632984489 0.020641934126615524 47
1688632985454 0.020659498870372772 48
1688632986470 0.02063402347266674 49
1688632987413 0.02063547447323799 50
1688632988339 0.020653629675507545 51
1688632989263 0.020636776462197304 52
1688632990201 0.020621411502361298 53
1688632991268 0.02063874527812004 54
