1688632039078 0.47850000858306885 0
1688632040189 0.5040000081062317 1
1688632041295 0.5015000104904175 2
1688632042364 0.49924999475479126 3
1688632043524 0.5046250224113464 4
1688632044647 0.5043749809265137 5
1688632045760 0.5041249990463257 6
1688632046881 0.499875009059906 7
1688632048025 0.499875009059906 8
1688632049166 0.5038750171661377 9
1688632050527 0.4971249997615814 10
1688632051823 0.5084999799728394 11
1688632053009 0.5065000057220459 12
1688632054340 0.5099999904632568 13
1688632055466 0.5082499980926514 14
1688632056581 0.5142499804496765 15
1688632057623 0.5102499723434448 16
1688632058636 0.512374997138977 17
1688632059664 0.5084999799728394 18
1688632061001 0.5162500143051147 19
1688632062120 0.5091249942779541 20
1688632063307 0.5128750205039978 21
1688632064447 0.5132499933242798 22
1688632065532 0.5133749842643738 23
1688632066573 0.515500009059906 24
1688632067607 0.5137500166893005 25
1688632068641 0.5099999904632568 26
1688632069646 0.5148749947547913 27
1688632070695 0.5143749713897705 28
1688632071702 0.5139999985694885 29
1688632072741 0.5134999752044678 30
1688632073825 0.5096250176429749 31
1688632074919 0.5138750076293945 32
1688632076072 0.5162500143051147 33
1688632077094 0.5081250071525574 34
1688632078112 0.5143749713897705 35
1688632079121 0.515375018119812 36
1688632080139 0.5183749794960022 37
1688632081199 0.5164999961853027 38
1688632082220 0.5180000066757202 39
1688632083296 0.5171250104904175 40
1688632084319 0.5176249742507935 41
1688632085347 0.5176249742507935 42
1688632086391 0.5170000195503235 43
1688632087394 0.5178750157356262 44
1688632088423 0.5211250185966492 45
1688632089461 0.5192499756813049 46
1688632090534 0.5227500200271606 47
1688632091617 0.5192499756813049 48
1688632092664 0.5221250057220459 49
1688632093685 0.5249999761581421 50
1688632094749 0.5203750133514404 51
1688632096114 0.5231249928474426 52
1688632097142 0.5213750004768372 53
1688632098181 0.5241249799728394 54
1688632099238 0.5196250081062317 55
1688632100335 0.5228750109672546 56
1688632101532 0.5254999995231628 57
1688632102634 0.5214999914169312 58
