1688632039078 0.026195203885436058 0
1688632040189 0.021723167970776558 1
1688632041295 0.021603649482131004 2
1688632042364 0.021589452400803566 3
1688632043524 0.02154514752328396 4
1688632044647 0.021421348676085472 5
1688632045760 0.02147911675274372 6
1688632046881 0.021401911973953247 7
1688632048025 0.02134038880467415 8
1688632049166 0.021198740229010582 9
1688632050527 0.021234609186649323 10
1688632051823 0.021151987835764885 11
1688632053009 0.021177416667342186 12
1688632054340 0.021058639511466026 13
1688632055466 0.021159835159778595 14
1688632056581 0.021057721227407455 15
1688632057623 0.02102822996675968 16
1688632058636 0.0209950003772974 17
1688632059664 0.021031973883509636 18
1688632061001 0.020957771688699722 19
1688632062120 0.020946171134710312 20
1688632063307 0.020916631445288658 21
1688632064447 0.02094307541847229 22
1688632065532 0.020816879346966743 23
1688632066573 0.020831722766160965 24
1688632067607 0.020828889682888985 25
1688632068641 0.020758334547281265 26
1688632069646 0.020772306248545647 27
1688632070695 0.020749572664499283 28
1688632071702 0.020771441981196404 29
1688632072741 0.020745957270264626 30
1688632073825 0.020703932270407677 31
1688632074919 0.02070523425936699 32
1688632076072 0.020649556070566177 33
1688632077094 0.02069837786257267 34
1688632078112 0.020617352798581123 35
1688632079121 0.02062995918095112 36
1688632080139 0.020601848140358925 37
1688632081199 0.020541910082101822 38
1688632082220 0.020563695579767227 39
1688632083296 0.02044333517551422 40
1688632084319 0.020547762513160706 41
1688632085347 0.020503239706158638 42
1688632086391 0.02054482325911522 43
1688632087394 0.020492801442742348 44
1688632088423 0.02043696865439415 45
1688632089461 0.020447706803679466 46
1688632090534 0.020397592335939407 47
1688632091617 0.020437322556972504 48
1688632092664 0.02042931318283081 49
1688632093685 0.020359201356768608 50
1688632094749 0.020356887951493263 51
1688632096114 0.02037673257291317 52
1688632097142 0.020288677886128426 53
1688632098181 0.020252162590622902 54
1688632099238 0.020304439589381218 55
1688632100335 0.020242486149072647 56
1688632101532 0.020208556205034256 57
1688632102634 0.02019832469522953 58
