1688565068279 0.2202499955892563 0
1688565069351 0.33287501335144043 1
1688565070407 0.33912500739097595 2
1688565071448 0.34975001215934753 3
1688565072516 0.3658750057220459 4
1688565073605 0.3725000023841858 5
1688565074606 0.3894999921321869 6
1688565075625 0.4033749997615814 7
1688565076674 0.4129999876022339 8
1688565077774 0.4269999861717224 9
1688565078863 0.43662500381469727 10
1688565079867 0.4417499899864197 11
1688565080852 0.45112499594688416 12
1688565081859 0.4583750069141388 13
1688565082906 0.4586249887943268 14
1688565083991 0.4651249945163727 15
1688565085080 0.46912500262260437 16
1688565086072 0.4676249921321869 17
1688565087038 0.46962499618530273 18
1688565088004 0.47312501072883606 19
1688565088997 0.476749986410141 20
1688565089978 0.47962498664855957 21
1688565090943 0.47962498664855957 22
1688565091909 0.4803749918937683 23
1688565092874 0.4813750088214874 24
1688565093844 0.48512500524520874 25
1688565094808 0.4855000078678131 26
1688565095772 0.4894999861717224 27
1688565096741 0.49012500047683716 28
1688565097731 0.4892500042915344 29
1688565098715 0.4897499978542328 30
1688565099687 0.4886249899864197 31
1688565100660 0.49175000190734863 32
1688565101630 0.49274998903274536 33
1688565102602 0.49687498807907104 34
1688565103574 0.4970000088214874 35
1688565104541 0.500124990940094 36
1688565105504 0.500374972820282 37
1688565106471 0.500249981880188 38
1688565107452 0.5017499923706055 39
1688565108417 0.5036249756813049 40
1688565109383 0.5024999976158142 41
1688565110349 0.503000020980835 42
1688565111314 0.500124990940094 43
1688565112286 0.5033749938011169 44
1688565113264 0.5084999799728394 45
1688565114257 0.5065000057220459 46
1688565115233 0.5036249756813049 47
1688565116223 0.5052499771118164 48
1688565117222 0.5083749890327454 49
1688565118224 0.5051249861717224 50
1688565119226 0.5101249814033508 51
1688565120203 0.5053750276565552 52
1688565121174 0.5059999823570251 53
1688565122151 0.5074999928474426 54
1688565123122 0.5090000033378601 55
1688565124091 0.5027499794960022 56
1688565125066 0.5061249732971191 57
1688565126036 0.5084999799728394 58
1688565127024 0.5099999904632568 59
1688565128006 0.5048750042915344 60
1688565128978 0.5048750042915344 61
1688565129948 0.5059999823570251 62
1688565130917 0.5071250200271606 63
1688565131904 0.5076249837875366 64
1688565132925 0.5105000138282776 65
1688565133947 0.5053750276565552 66
1688565134920 0.5061249732971191 67
1688565135893 0.5096250176429749 68
1688565136885 0.5090000033378601 69
1688565137853 0.503000020980835 70
1688565138830 0.5037500262260437 71
1688565139813 0.5055000185966492 72
1688565140785 0.5083749890327454 73
1688565141765 0.5065000057220459 74
1688565142744 0.5070000290870667 75
1688565143725 0.5066249966621399 76
1688565144703 0.5051249861717224 77
1688565145688 0.5074999928474426 78
1688565146679 0.5077499747276306 79
1688565147653 0.5096250176429749 80
1688565148636 0.5062500238418579 81
1688565149622 0.5052499771118164 82
1688565150614 0.5076249837875366 83
1688565151608 0.5055000185966492 84
1688565152598 0.5067499876022339 85
1688565153570 0.5074999928474426 86
1688565154564 0.5111250281333923 87
1688565155565 0.5082499980926514 88
1688565156553 0.5096250176429749 89
1688565157541 0.5113750100135803 90
1688565158525 0.5082499980926514 91
1688565159516 0.5093749761581421 92
1688565160497 0.5053750276565552 93
1688565161480 0.5082499980926514 94
1688565162459 0.5078750252723694 95
1688565163439 0.5084999799728394 96
1688565164435 0.5102499723434448 97
1688565165453 0.5082499980926514 98
1688565166475 0.5096250176429749 99
