1688565068279 0.20036408305168152 0
1688565069351 0.14082983136177063 1
1688565070407 0.1286458820104599 2
1688565071448 0.12668032944202423 3
1688565072516 0.12594851851463318 4
1688565073605 0.12524227797985077 5
1688565074606 0.12451671808958054 6
1688565075625 0.12377282977104187 7
1688565076674 0.12303730845451355 8
1688565077774 0.12230755388736725 9
1688565078863 0.12163771688938141 10
1688565079867 0.12101288884878159 11
1688565080852 0.12041699886322021 12
1688565081859 0.119865782558918 13
1688565082906 0.11934871971607208 14
1688565083991 0.11884597688913345 15
1688565085080 0.11839921772480011 16
1688565086072 0.11795198917388916 17
1688565087038 0.11754664778709412 18
1688565088004 0.11713805794715881 19
1688565088997 0.11677181720733643 20
1688565089978 0.11641594022512436 21
1688565090943 0.11606759577989578 22
1688565091909 0.11576427519321442 23
1688565092874 0.1154436245560646 24
1688565093844 0.115147165954113 25
1688565094808 0.11485765129327774 26
1688565095772 0.11457732319831848 27
1688565096741 0.11430512368679047 28
1688565097731 0.114039346575737 29
1688565098715 0.11379677057266235 30
1688565099687 0.11354681104421616 31
1688565100660 0.11330074071884155 32
1688565101630 0.11307986080646515 33
1688565102602 0.11286313086748123 34
1688565103574 0.11267037689685822 35
1688565104541 0.11245832592248917 36
1688565105504 0.11225888878107071 37
1688565106471 0.11209481954574585 38
1688565107452 0.11191222816705704 39
1688565108417 0.11175476759672165 40
1688565109383 0.11159227043390274 41
1688565110349 0.11143150180578232 42
1688565111314 0.1113012507557869 43
1688565112286 0.11117281764745712 44
1688565113264 0.1110544353723526 45
1688565114257 0.1109011098742485 46
1688565115233 0.11080325394868851 47
1688565116223 0.11067663878202438 48
1688565117222 0.11054623872041702 49
1688565118224 0.11047009378671646 50
1688565119226 0.1103224903345108 51
1688565120203 0.11024817824363708 52
1688565121174 0.11015351861715317 53
1688565122151 0.11007145792245865 54
1688565123122 0.10997635871171951 55
1688565124091 0.10990010201931 56
1688565125066 0.10981113463640213 57
1688565126036 0.10971157252788544 58
1688565127024 0.10964561253786087 59
1688565128006 0.10957442969083786 60
1688565128978 0.10951181501150131 61
1688565129948 0.1094348132610321 62
1688565130917 0.10938161611557007 63
1688565131904 0.10929232835769653 64
1688565132925 0.10923969000577927 65
1688565133947 0.10917023569345474 66
1688565134920 0.10911247879266739 67
1688565135893 0.10905007272958755 68
1688565136885 0.10899421572685242 69
1688565137853 0.10894964635372162 70
1688565138830 0.10888399928808212 71
1688565139813 0.10882341116666794 72
1688565140785 0.10875599086284637 73
1688565141765 0.10872214287519455 74
1688565142744 0.10867559909820557 75
1688565143725 0.1086292564868927 76
1688565144703 0.10858394205570221 77
1688565145688 0.10854896903038025 78
1688565146679 0.10851172357797623 79
1688565147653 0.10845568031072617 80
1688565148636 0.1084124967455864 81
1688565149622 0.10837484151124954 82
1688565150614 0.10833635926246643 83
1688565151608 0.10828440636396408 84
1688565152598 0.10825051367282867 85
1688565153570 0.1082208901643753 86
1688565154564 0.10815606266260147 87
1688565155565 0.10812701284885406 88
1688565156553 0.10808494687080383 89
1688565157541 0.10807373374700546 90
1688565158525 0.10802317410707474 91
1688565159516 0.1080072894692421 92
1688565160497 0.10795334726572037 93
1688565161480 0.10794075578451157 94
1688565162459 0.10790718346834183 95
1688565163439 0.10786455869674683 96
1688565164435 0.10786560922861099 97
1688565165453 0.1078258827328682 98
1688565166475 0.10777495056390762 99
