1688632786211 0.3698750138282776 0
1688632787260 0.4606249928474426 1
1688632788278 0.4858750104904175 2
1688632789236 0.4911249876022339 3
1688632790162 0.492249995470047 4
1688632791227 0.49950000643730164 5
1688632792273 0.49825000762939453 6
1688632793330 0.4961250126361847 7
1688632794363 0.49300000071525574 8
1688632795382 0.49262499809265137 9
1688632796408 0.492125004529953 10
1688632797502 0.4946250021457672 11
1688632798565 0.4957500100135803 12
1688632799531 0.4984999895095825 13
1688632800482 0.4948750138282776 14
1688632801523 0.4959999918937683 15
1688632802583 0.4973750114440918 16
1688632803645 0.49912500381469727 17
1688632804676 0.48875001072883606 18
1688632805607 0.49412500858306885 19
1688632806527 0.4937500059604645 20
1688632807479 0.4957500100135803 21
1688632808473 0.49412500858306885 22
1688632809404 0.4882499873638153 23
1688632810363 0.49287500977516174 24
1688632811322 0.4946250021457672 25
1688632812258 0.49162501096725464 26
1688632813189 0.49537500739097595 27
1688632814124 0.48875001072883606 28
1688632815058 0.49424999952316284 29
1688632815994 0.49274998903274536 30
1688632816920 0.49537500739097595 31
1688632817871 0.4883750081062317 32
1688632818801 0.4894999861717224 33
1688632819736 0.49562498927116394 34
1688632820691 0.49524998664855957 35
1688632821668 0.4925000071525574 36
1688632822758 0.4896250069141388 37
1688632823854 0.5005000233650208 38
1688632824863 0.48762500286102295 39
1688632825904 0.4958750009536743 40
1688632826872 0.49262499809265137 41
