1688632786211 0.0616380013525486 0
1688632787260 0.04190131276845932 1
1688632788278 0.036074306815862656 2
1688632789236 0.03310215100646019 3
1688632790162 0.031334806233644485 4
1688632791227 0.030092647299170494 5
1688632792273 0.029309920966625214 6
1688632793330 0.028701752424240112 7
1688632794363 0.028161076828837395 8
1688632795382 0.027832316234707832 9
1688632796408 0.027515124529600143 10
1688632797502 0.02722272090613842 11
1688632798565 0.027029352262616158 12
1688632799531 0.026679500937461853 13
1688632800482 0.02655092068016529 14
1688632801523 0.026449626311659813 15
1688632802583 0.026256447657942772 16
1688632803645 0.02616720274090767 17
1688632804676 0.026174522936344147 18
1688632805607 0.025928247720003128 19
1688632806527 0.025932105258107185 20
1688632807479 0.025850538164377213 21
1688632808473 0.025767743587493896 22
1688632809404 0.02580752968788147 23
1688632810363 0.02558884024620056 24
1688632811322 0.025654233992099762 25
1688632812258 0.02537643164396286 26
1688632813189 0.025510801002383232 27
1688632814124 0.025447029620409012 28
1688632815058 0.02538558654487133 29
1688632815994 0.025315936654806137 30
1688632816920 0.02532702125608921 31
1688632817871 0.02529655583202839 32
1688632818801 0.025172295048832893 33
1688632819736 0.025234486907720566 34
1688632820691 0.02528558298945427 35
1688632821668 0.02519197389483452 36
1688632822758 0.02504848875105381 37
1688632823854 0.02495463937520981 38
1688632824863 0.02519838698208332 39
1688632825904 0.02500687539577484 40
1688632826872 0.025099992752075195 41
