1688633094218 0.4248749911785126 0
1688633096271 0.4788750112056732 1
1688633098309 0.48774999380111694 2
1688633100478 0.49524998664855957 3
1688633102585 0.4963749945163727 4
1688633104754 0.49775001406669617 5
1688633106955 0.49775001406669617 6
1688633109462 0.5006250143051147 7
1688633111640 0.5009999871253967 8
1688633113829 0.5022500157356262 9
1688633116022 0.5022500157356262 10
1688633117976 0.5005000233650208 11
1688633119964 0.5080000162124634 12
1688633121901 0.5099999904632568 13
1688633123809 0.5108749866485596 14
1688633125799 0.5092499852180481 15
1688633127724 0.5093749761581421 16
1688633129649 0.5063750147819519 17
1688633131636 0.5101249814033508 18
1688633133553 0.5142499804496765 19
1688633135527 0.5128750205039978 20
1688633137447 0.515749990940094 21
1688633139368 0.5133749842643738 22
1688633141374 0.5202500224113464 23
1688633143309 0.5192499756813049 24
1688633145240 0.5208749771118164 25
1688633147208 0.5199999809265137 26
1688633149131 0.5217499732971191 27
1688633151140 0.5247499942779541 28
1688633153089 0.5241249799728394 29
1688633155011 0.5241249799728394 30
1688633157008 0.5339999794960022 31
1688633158960 0.5328750014305115 32
1688633161008 0.528249979019165 33
1688633162936 0.531000018119812 34
1688633164931 0.5379999876022339 35
1688633166943 0.534500002861023 36
1688633169005 0.5326250195503235 37
1688633171209 0.5403749942779541 38
1688633173242 0.5382500290870667 39
