1688633094218 0.031048666685819626 0
1688633096271 0.023449871689081192 1
1688633098309 0.02286262810230255 2
1688633100478 0.022301219403743744 3
1688633102585 0.02210879512131214 4
1688633104754 0.021824810653924942 5
1688633106955 0.02163795754313469 6
1688633109462 0.02161058597266674 7
1688633111640 0.021431773900985718 8
1688633113829 0.021351860836148262 9
1688633116022 0.021262874826788902 10
1688633117976 0.02122308500111103 11
1688633119964 0.021037369966506958 12
1688633121901 0.020972715690732002 13
1688633123809 0.020983221009373665 14
1688633125799 0.020822197198867798 15
1688633127724 0.02076868526637554 16
1688633129649 0.020727025344967842 17
1688633131636 0.02067817933857441 18
1688633133553 0.020598944276571274 19
1688633135527 0.02053220570087433 20
1688633137447 0.0204860158264637 21
1688633139368 0.020422814413905144 22
1688633141374 0.02032761462032795 23
1688633143309 0.02024649642407894 24
1688633145240 0.02021349035203457 25
1688633147208 0.020121347159147263 26
1688633149131 0.020066644996404648 27
1688633151140 0.0199448149651289 28
1688633153089 0.0198703333735466 29
1688633155011 0.01990767940878868 30
1688633157008 0.019706664606928825 31
1688633158960 0.019705181941390038 32
1688633161008 0.019587840884923935 33
1688633162936 0.01954055391252041 34
1688633164931 0.019463295117020607 35
1688633166943 0.019372615963220596 36
1688633169005 0.01930278167128563 37
1688633171209 0.01918756775557995 38
1688633173242 0.019167641177773476 39
