1688485138368 0.18637500703334808 0
1688485138818 0.2588750123977661 1
1688485139288 0.2592499852180481 2
1688485139738 0.27674999833106995 3
1688485140191 0.2997500002384186 4
1688485140611 0.31424999237060547 5
1688485141025 0.320499986410141 6
1688485141465 0.3318749964237213 7
1688485141900 0.3408749997615814 8
1688485142359 0.3449999988079071 9
1688485142835 0.35462498664855957 10
1688485143277 0.36262500286102295 11
1688485143717 0.3658750057220459 12
1688485144158 0.3726249933242798 13
1688485144605 0.3791249990463257 14
1688485145006 0.3812499940395355 15
1688485145414 0.3842499852180481 16
1688485145845 0.38624998927116394 17
1688485146295 0.3857499957084656 18
1688485146733 0.3908750116825104 19
1688485147186 0.3917500078678131 20
1688485147638 0.3935000002384186 21
1688485148138 0.3970000147819519 22
1688485148579 0.3959999978542328 23
1688485149032 0.398499995470047 24
1688485149485 0.398375004529953 25
1688485149893 0.4012500047683716 26
1688485150283 0.40174999833106995 27
1688485150682 0.4038749933242798 28
1688485151080 0.4011250138282776 29
1688485151473 0.40724998712539673 30
1688485151873 0.4027499854564667 31
1688485152263 0.4076249897480011 32
1688485152659 0.4087499976158142 33
1688485153050 0.41312500834465027 34
1688485153437 0.4116249978542328 35
1688485153831 0.4112499952316284 36
1688485154218 0.4168750047683716 37
1688485154607 0.41462498903274536 38
1688485154998 0.4165000021457672 39
1688485155393 0.41600000858306885 40
1688485155783 0.41462498903274536 41
1688485156180 0.41749998927116394 42
1688485156587 0.4169999957084656 43
1688485156979 0.4152500033378601 44
1688485157367 0.41587498784065247 45
1688485157758 0.4203749895095825 46
1688485158149 0.41749998927116394 47
1688485158538 0.42124998569488525 48
1688485158939 0.41999998688697815 49
1688485159337 0.421875 50
1688485159733 0.41962501406669617 51
1688485160130 0.42124998569488525 52
1688485160520 0.42524999380111694 53
1688485160914 0.4259999990463257 54
1688485161304 0.4255000054836273 55
1688485161698 0.4256249964237213 56
1688485162113 0.4246250092983246 57
1688485162506 0.4273749887943268 58
1688485162902 0.4253750145435333 59
1688485163303 0.4231249988079071 60
1688485163690 0.4308750033378601 61
1688485164078 0.4256249964237213 62
1688485164470 0.42387500405311584 63
1688485164868 0.42500001192092896 64
1688485165260 0.4233750104904175 65
1688485165656 0.42912501096725464 66
1688485166051 0.4258750081062317 67
1688485166444 0.42762500047683716 68
1688485166836 0.43274998664855957 69
1688485167229 0.4271250069141388 70
1688485167625 0.43149998784065247 71
1688485168020 0.4307500123977661 72
1688485168410 0.43299999833106995 73
1688485168805 0.4308750033378601 74
1688485169207 0.43187499046325684 75
1688485169600 0.42762500047683716 76
1688485170001 0.4311249852180481 77
1688485170398 0.4337500035762787 78
1688485170813 0.43062499165534973 79
1688485171216 0.43062499165534973 80
1688485171621 0.4320000112056732 81
1688485172019 0.4322499930858612 82
1688485172412 0.4358749985694885 83
1688485172808 0.4347499907016754 84
1688485173194 0.43137499690055847 85
1688485173592 0.43174999952316284 86
1688485173988 0.4336250126361847 87
1688485174390 0.43662500381469727 88
1688485174789 0.43424999713897705 89
1688485175197 0.43787500262260437 90
1688485175620 0.43687498569488525 91
1688485176019 0.4350000023841858 92
