1688485138368 0.8242291212081909 0
1688485138818 0.5750329494476318 1
1688485139288 0.408844918012619 2
1688485139738 0.2991340458393097 3
1688485140191 0.22809460759162903 4
1688485140611 0.18339216709136963 5
1688485141025 0.1561862975358963 6
1688485141465 0.1401991993188858 7
1688485141900 0.13113026320934296 8
1688485142359 0.1261228621006012 9
1688485142835 0.1233428418636322 10
1688485143277 0.12173844873905182 11
1688485143717 0.12077810615301132 12
1688485144158 0.12006041407585144 13
1688485144605 0.11947698891162872 14
1688485145006 0.11900468915700912 15
1688485145414 0.11857426911592484 16
1688485145845 0.11821272224187851 17
1688485146295 0.11787540465593338 18
1688485146733 0.11762716621160507 19
1688485147186 0.11736973375082016 20
1688485147638 0.117148257791996 21
1688485148138 0.11693818122148514 22
1688485148579 0.11675369739532471 23
1688485149032 0.11662396788597107 24
1688485149485 0.11639870703220367 25
1688485149893 0.116231769323349 26
1688485150283 0.11606461554765701 27
1688485150682 0.11591804027557373 28
1688485151080 0.1157619059085846 29
1688485151473 0.11558492481708527 30
1688485151873 0.1154971793293953 31
1688485152263 0.11531825363636017 32
1688485152659 0.11517433077096939 33
1688485153050 0.11508458107709885 34
1688485153437 0.11495981365442276 35
1688485153831 0.11480142921209335 36
1688485154218 0.11469922959804535 37
1688485154607 0.11456508189439774 38
1688485154998 0.1144447848200798 39
1688485155393 0.11434586346149445 40
1688485155783 0.1142481341958046 41
1688485156180 0.11410238593816757 42
1688485156587 0.11402920633554459 43
1688485156979 0.11397253721952438 44
1688485157367 0.11385266482830048 45
1688485157758 0.11375784873962402 46
1688485158149 0.11365130543708801 47
1688485158538 0.11357007175683975 48
1688485158939 0.11348152160644531 49
1688485159337 0.11333547532558441 50
1688485159733 0.11331216990947723 51
1688485160130 0.11319830268621445 52
1688485160520 0.11312362551689148 53
1688485160914 0.11305413395166397 54
1688485161304 0.11298149824142456 55
1688485161698 0.11289699375629425 56
1688485162113 0.11282948404550552 57
1688485162506 0.11279386281967163 58
1688485162902 0.11265508085489273 59
1688485163303 0.112578846514225 60
1688485163690 0.11253062635660172 61
1688485164078 0.11245538294315338 62
1688485164470 0.11239326745271683 63
1688485164868 0.11235971748828888 64
1688485165260 0.11227472871541977 65
1688485165656 0.11222033202648163 66
1688485166051 0.1121770441532135 67
1688485166444 0.11212503165006638 68
1688485166836 0.1120065301656723 69
1688485167229 0.11195502430200577 70
1688485167625 0.11193821579217911 71
1688485168020 0.11178366094827652 72
1688485168410 0.11179245263338089 73
1688485168805 0.11172132194042206 74
1688485169207 0.11171059310436249 75
1688485169600 0.11166395246982574 76
1688485170001 0.11158651113510132 77
1688485170398 0.11152970790863037 78
1688485170813 0.11148040741682053 79
1688485171216 0.11145849525928497 80
1688485171621 0.11139831691980362 81
1688485172019 0.11137344688177109 82
1688485172412 0.11131682246923447 83
1688485172808 0.11126928776502609 84
1688485173194 0.11123059689998627 85
1688485173592 0.11118823289871216 86
1688485173988 0.11113560199737549 87
1688485174390 0.11107642203569412 88
1688485174789 0.11105455458164215 89
1688485175197 0.11101014912128448 90
1688485175620 0.11097341030836105 91
1688485176019 0.11100200563669205 92
