1688632703705 0.3097499907016754 0
1688632704788 0.4762499928474426 1
1688632705832 0.49812498688697815 2
1688632706776 0.5049999952316284 3
1688632707744 0.5071250200271606 4
1688632708802 0.5098749995231628 5
1688632709900 0.5066249966621399 6
1688632710915 0.5098749995231628 7
1688632711937 0.5059999823570251 8
1688632712968 0.5066249966621399 9
1688632713994 0.5084999799728394 10
1688632715044 0.5048750042915344 11
1688632716059 0.5077499747276306 12
1688632717023 0.512374997138977 13
1688632718001 0.5062500238418579 14
1688632719038 0.5068749785423279 15
1688632720103 0.5071250200271606 16
1688632721144 0.5097500085830688 17
1688632722140 0.5093749761581421 18
1688632723144 0.5066249966621399 19
1688632724067 0.5103750228881836 20
1688632725181 0.5081250071525574 21
1688632726172 0.5077499747276306 22
1688632727169 0.5077499747276306 23
1688632728101 0.5093749761581421 24
1688632729044 0.5107499957084656 25
1688632730053 0.5076249837875366 26
1688632731023 0.5112500190734863 27
1688632732003 0.5093749761581421 28
1688632732971 0.5092499852180481 29
1688632733944 0.5107499957084656 30
1688632734905 0.5103750228881836 31
1688632735878 0.5090000033378601 32
1688632736889 0.5083749890327454 33
1688632737853 0.5065000057220459 34
1688632738813 0.5077499747276306 35
1688632739782 0.5056250095367432 36
1688632740718 0.5084999799728394 37
1688632741654 0.5102499723434448 38
1688632742604 0.5074999928474426 39
1688632743553 0.5087500214576721 40
1688632744498 0.5062500238418579 41
1688632745468 0.5074999928474426 42
1688632746433 0.5077499747276306 43
1688632747396 0.5084999799728394 44
1688632748363 0.5074999928474426 45
1688632749318 0.5070000290870667 46
1688632750266 0.5081250071525574 47
1688632751223 0.5058749914169312 48
1688632752185 0.5074999928474426 49
1688632753146 0.5097500085830688 50
1688632754122 0.5102499723434448 51
1688632755113 0.5078750252723694 52
1688632756077 0.5077499747276306 53
1688632757059 0.5070000290870667 54
