1688632703705 0.0573580302298069 0
1688632704788 0.041439369320869446 1
1688632705832 0.0330888070166111 2
1688632706776 0.028853176161646843 3
1688632707744 0.026596970856189728 4
1688632708802 0.02528349868953228 5
1688632709900 0.02439255639910698 6
1688632710915 0.0236519742757082 7
1688632711937 0.02303958497941494 8
1688632712968 0.02250158041715622 9
1688632713994 0.022060323506593704 10
1688632715044 0.021696144714951515 11
1688632716059 0.021430574357509613 12
1688632717023 0.021203894168138504 13
1688632718001 0.021076224744319916 14
1688632719038 0.0209690872579813 15
1688632720103 0.020908774808049202 16
1688632721144 0.020860344171524048 17
1688632722140 0.020824361592531204 18
1688632723144 0.02080995962023735 19
1688632724067 0.02079184725880623 20
1688632725181 0.020780814811587334 21
1688632726172 0.02077333815395832 22
1688632727169 0.020765183493494987 23
1688632728101 0.02075767144560814 24
1688632729044 0.020751196891069412 25
1688632730053 0.020754145458340645 26
1688632731023 0.020754311233758926 27
1688632732003 0.020752791315317154 28
1688632732971 0.02074073627591133 29
1688632733944 0.020747516304254532 30
1688632734905 0.02074667066335678 31
1688632735878 0.020730232819914818 32
1688632736889 0.020738154649734497 33
1688632737853 0.020731300115585327 34
1688632738813 0.02072903886437416 35
1688632739782 0.02072635106742382 36
1688632740718 0.020724421367049217 37
1688632741654 0.02071439102292061 38
1688632742604 0.020715881139039993 39
1688632743553 0.020711340010166168 40
1688632744498 0.020705323666334152 41
1688632745468 0.020714540034532547 42
1688632746433 0.020705949515104294 43
1688632747396 0.02070119045674801 44
1688632748363 0.020704742521047592 45
1688632749318 0.02070397138595581 46
1688632750266 0.020696965977549553 47
1688632751223 0.020691407844424248 48
1688632752185 0.02069387212395668 49
1688632753146 0.02069362811744213 50
1688632754122 0.02067423239350319 51
1688632755113 0.02069057524204254 52
1688632756077 0.020688140764832497 53
1688632757059 0.020683258771896362 54
