1688631988775 0.476749986410141 0
1688631989802 0.5018749833106995 1
1688631990847 0.500124990940094 2
1688631991807 0.5042499899864197 3
1688631992821 0.499875009059906 4
1688631993841 0.5016250014305115 5
1688631995000 0.500374972820282 6
1688631996031 0.5026249885559082 7
1688631997077 0.5046250224113464 8
1688631998133 0.5098749995231628 9
1688631999212 0.5046250224113464 10
1688632000240 0.5096250176429749 11
1688632001265 0.500374972820282 12
1688632002373 0.5103750228881836 13
1688632003659 0.5058749914169312 14
1688632004752 0.5018749833106995 15
1688632005732 0.5095000267028809 16
1688632006666 0.503125011920929 17
1688632007649 0.5102499723434448 18
1688632008618 0.5065000057220459 19
1688632009595 0.503000020980835 20
1688632010533 0.5073750019073486 21
1688632011453 0.5078750252723694 22
1688632012370 0.5108749866485596 23
1688632013291 0.5086249709129333 24
1688632014210 0.5092499852180481 25
1688632015127 0.5065000057220459 26
1688632016046 0.5115000009536743 27
1688632016962 0.5077499747276306 28
1688632017897 0.5055000185966492 29
1688632018830 0.5053750276565552 30
1688632019760 0.5071250200271606 31
1688632020709 0.5078750252723694 32
1688632021638 0.5131250023841858 33
1688632022586 0.5058749914169312 34
1688632023518 0.5091249942779541 35
1688632024483 0.5147500038146973 36
1688632025444 0.515749990940094 37
1688632026567 0.5095000267028809 38
1688632027597 0.5098749995231628 39
1688632028548 0.5081250071525574 40
1688632029478 0.5074999928474426 41
