1688631988775 0.027633246034383774 0
1688631989802 0.021413935348391533 1
1688631990847 0.021377453580498695 2
1688631991807 0.02125626616179943 3
1688631992821 0.02130545675754547 4
1688631993841 0.02132963389158249 5
1688631995000 0.021257538348436356 6
1688631996031 0.021239018067717552 7
1688631997077 0.021167326718568802 8
1688631998133 0.021183263510465622 9
1688631999212 0.021061521023511887 10
1688632000240 0.021097926422953606 11
1688632001265 0.021049249917268753 12
1688632002373 0.021023884415626526 13
1688632003659 0.021037064492702484 14
1688632004752 0.021040111780166626 15
1688632005732 0.020969552919268608 16
1688632006666 0.021014844998717308 17
1688632007649 0.020900418981909752 18
1688632008618 0.020920109003782272 19
1688632009595 0.020934993401169777 20
1688632010533 0.0209050215780735 21
1688632011453 0.02095635235309601 22
1688632012370 0.02087884023785591 23
1688632013291 0.020869284868240356 24
1688632014210 0.020868537947535515 25
1688632015127 0.020854400470852852 26
1688632016046 0.020842308178544044 27
1688632016962 0.020865771919488907 28
1688632017897 0.020831694826483727 29
1688632018830 0.020864007994532585 30
1688632019760 0.02087482251226902 31
1688632020709 0.02080434374511242 32
1688632021638 0.020850252360105515 33
1688632022586 0.02084439806640148 34
1688632023518 0.020777825266122818 35
1688632024483 0.02080981433391571 36
1688632025444 0.020775869488716125 37
1688632026567 0.020816395059227943 38
1688632027597 0.02078712172806263 39
1688632028548 0.020783375948667526 40
1688632029478 0.02075720950961113 41
