1688738844562 0.5006666779518127 0
1688738854959 0.5065833330154419 1
1688738865504 0.5059166550636292 2
1688738876053 0.5093333125114441 3
1688738886266 0.5093749761581421 4
1688738897073 0.5089374780654907 5
1688738908128 0.5111874938011169 6
1688738919686 0.5094791650772095 7
1688738930632 0.511104166507721 8
1688738941760 0.5109583139419556 9
1688738952519 0.5110416412353516 10
1688738962838 0.5122500061988831 11
1688738973745 0.5112708210945129 12
1688738984397 0.5126041769981384 13
1688738995026 0.5131250023841858 14
1688739005769 0.5138958096504211 15
1688739016912 0.5136458277702332 16
1688739021305 0.5158541798591614 17
1688739026017 0.5145208239555359 18
1688739030523 0.5148333311080933 19
1688739034965 0.5144166946411133 20
1688739039335 0.5147500038146973 21
1688739043835 0.5155624747276306 22
1688739048752 0.5158958435058594 23
1688739053442 0.5162708163261414 24
1688739057919 0.5177083611488342 25
1688739062549 0.5182708501815796 26
1688739067031 0.5171874761581421 27
1688739071374 0.5181666612625122 28
1688739076833 0.5198749899864197 29
1688739081636 0.5190208554267883 30
1688739085778 0.5195000171661377 31
1688739090240 0.5199791789054871 32
1688739095043 0.520145833492279 33
1688739099453 0.5208333134651184 34
1688739104303 0.5218750238418579 35
1688739108991 0.5241666436195374 36
1688739113663 0.5231666564941406 37
1688739118366 0.5226666927337646 38
1688739122782 0.523354172706604 39
1688739127256 0.523520827293396 40
1688739131591 0.5251874923706055 41
1688739136322 0.5255208611488342 42
1688739141138 0.528041660785675 43
1688739145752 0.5282708406448364 44
1688739150742 0.5255208611488342 45
1688739156402 0.5273749828338623 46
1688739161007 0.5286250114440918 47
1688739166125 0.5286041498184204 48
1688739170594 0.5288958549499512 49
1688739175058 0.5315625071525574 50
1688739179340 0.5327083468437195 51
1688739183672 0.5313125252723694 52
1688739188218 0.5327708125114441 53
1688739193003 0.5327083468437195 54
1688739197331 0.5314375162124634 55
1688739201692 0.5345208048820496 56
1688739206156 0.5347499847412109 57
1688739210485 0.5356666445732117 58
1688739215005 0.5361666679382324 59
1688739221321 0.5382500290870667 60
1688739228051 0.5369374752044678 61
1688739235207 0.5374791622161865 62
1688739241485 0.5395416617393494 63
1688739245784 0.5389166474342346 64
1688739250535 0.5419999957084656 65
1688739255404 0.5386041402816772 66
1688739259843 0.543583333492279 67
1688739263992 0.5418750047683716 68
1688739268957 0.543958306312561 69
1688739273461 0.5454791784286499 70
1688739277646 0.5442916750907898 71
1688739282137 0.5461666584014893 72
1688739286670 0.5467708110809326 73
1688739291320 0.5477916598320007 74
1688739296059 0.5482500195503235 75
1688739300275 0.5481874942779541 76
1688739304829 0.5486249923706055 77
1688739309344 0.5518333315849304 78
1688739313986 0.5508958101272583 79
1688739318576 0.5521041750907898 80
1688739323129 0.5526250004768372 81
1688739327247 0.5525416731834412 82
1688739331930 0.5538541674613953 83
1688739336612 0.554729163646698 84
1688739341127 0.554520845413208 85
1688739345835 0.5566458106040955 86
1688739350397 0.5575624704360962 87
1688739354996 0.5569375157356262 88
1688739359107 0.5583750009536743 89
1688739364029 0.5594791769981384 90
1688739368663 0.5586249828338623 91
1688739373084 0.5614583492279053 92
1688739377534 0.5640416741371155 93
1688739381933 0.5618125200271606 94
1688739386750 0.5619583129882812 95
1688739391060 0.5633333325386047 96
1688739395876 0.5630624890327454 97
1688739400230 0.5648750066757202 98
1688739404988 0.5648750066757202 99
