1688738844562 0.022013353183865547 0
1688738854959 0.020481891930103302 1
1688738865504 0.020393013954162598 2
1688738876053 0.020310113206505775 3
1688738886266 0.02027926780283451 4
1688738897073 0.020254528149962425 5
1688738908128 0.020217081531882286 6
1688738919686 0.020191850140690804 7
1688738930632 0.0201638862490654 8
1688738941760 0.02012389339506626 9
1688738952519 0.02011626586318016 10
1688738962838 0.02010468766093254 11
1688738973745 0.020081209018826485 12
1688738984397 0.020058006048202515 13
1688738995026 0.02003416046500206 14
1688739005769 0.02002730593085289 15
1688739016912 0.019987570121884346 16
1688739021305 0.019979290664196014 17
1688739026017 0.019963327795267105 18
1688739030523 0.01993614435195923 19
1688739034965 0.019922321662306786 20
1688739039335 0.019901424646377563 21
1688739043835 0.01987086981534958 22
1688739048752 0.01985246315598488 23
1688739053442 0.019847704097628593 24
1688739057919 0.019816448912024498 25
1688739062549 0.019806180149316788 26
1688739067031 0.019773321226239204 27
1688739071374 0.01976192183792591 28
1688739076833 0.01971982792019844 29
1688739081636 0.01970936357975006 30
1688739085778 0.01967787928879261 31
1688739090240 0.01964961551129818 32
1688739095043 0.019627314060926437 33
1688739099453 0.01959334686398506 34
1688739104303 0.019585274159908295 35
1688739108991 0.019547397270798683 36
1688739113663 0.019522396847605705 37
1688739118366 0.01950865238904953 38
1688739122782 0.01949673518538475 39
1688739127256 0.01943834498524666 40
1688739131591 0.019420936703681946 41
1688739136322 0.019394241273403168 42
1688739141138 0.019361097365617752 43
1688739145752 0.019325794652104378 44
1688739150742 0.019301854074001312 45
1688739156402 0.019290832802653313 46
1688739161007 0.019244084134697914 47
1688739166125 0.019223695620894432 48
1688739170594 0.01918542943894863 49
1688739175058 0.019146090373396873 50
1688739179340 0.019124936312437057 51
1688739183672 0.019098252058029175 52
1688739188218 0.019054904580116272 53
1688739193003 0.019026869907975197 54
1688739197331 0.01900562457740307 55
1688739201692 0.01894698478281498 56
1688739206156 0.018938511610031128 57
1688739210485 0.018887965008616447 58
1688739215005 0.018853915855288506 59
1688739221321 0.01881791092455387 60
1688739228051 0.018783390522003174 61
1688739235207 0.018767425790429115 62
1688739241485 0.01872914470732212 63
1688739245784 0.01869489997625351 64
1688739250535 0.018650006502866745 65
1688739255404 0.018635014072060585 66
1688739259843 0.018587833270430565 67
1688739263992 0.01855950802564621 68
1688739268957 0.018501155078411102 69
1688739273461 0.01847931183874607 70
1688739277646 0.01844959706068039 71
1688739282137 0.018414638936519623 72
1688739286670 0.018362272530794144 73
1688739291320 0.018334053456783295 74
1688739296059 0.018308289349079132 75
1688739300275 0.018262416124343872 76
1688739304829 0.018224673345685005 77
1688739309344 0.018188394606113434 78
1688739313986 0.018153933808207512 79
1688739318576 0.01810624450445175 80
1688739323129 0.01808055117726326 81
1688739327247 0.01804402470588684 82
1688739331930 0.0179989542812109 83
1688739336612 0.01797962188720703 84
1688739341127 0.017928319051861763 85
1688739345835 0.01788635551929474 86
1688739350397 0.017840223386883736 87
1688739354996 0.01779508776962757 88
1688739359107 0.01775791123509407 89
1688739364029 0.017726929858326912 90
1688739368663 0.017703847959637642 91
1688739373084 0.017658643424510956 92
1688739377534 0.017620928585529327 93
1688739381933 0.017579475417733192 94
1688739386750 0.01754731312394142 95
1688739391060 0.01750849559903145 96
1688739395876 0.017477091401815414 97
1688739400230 0.017416037619113922 98
1688739404988 0.01741565391421318 99
