1689099856735 0.4819999933242798 0
1689099858479 0.49537500739097595 1
1689099860450 0.5015000104904175 2
1689099862231 0.500124990940094 3
1689099864482 0.5033749938011169 4
1689099866563 0.5146250128746033 5
1689099868779 0.5122500061988831 6
1689099870561 0.5127500295639038 7
1689099872504 0.515874981880188 8
1689099874154 0.5087500214576721 9
1689099875886 0.5127500295639038 10
1689099877542 0.5196250081062317 11
1689099879166 0.5174999833106995 12
1689099880838 0.5216249823570251 13
1689099882838 0.5193750262260437 14
1689099884765 0.5251250267028809 15
1689099886505 0.5222499966621399 16
1689099888138 0.5253750085830688 17
1689099889823 0.528124988079071 18
1689099891525 0.5336250066757202 19
1689099893284 0.531000018119812 20
1689099894997 0.5357499718666077 21
1689099896849 0.531624972820282 22
1689099899058 0.5400000214576721 23
1689099900900 0.5411249995231628 24
1689099902729 0.5400000214576721 25
1689099904457 0.5487499833106995 26
1689099906160 0.5479999780654907 27
1689099907880 0.5490000247955322 28
1689099909606 0.5512499809265137 29
1689099911350 0.5496249794960022 30
1689099913106 0.5582500100135803 31
1689099914798 0.5581250190734863 32
1689099916517 0.5580000281333923 33
1689099918194 0.5596250295639038 34
1689099920439 0.5619999766349792 35
1689099922447 0.5636249780654907 36
1689099924353 0.5684999823570251 37
1689099926043 0.574999988079071 38
1689099927751 0.5718749761581421 39
1689099929462 0.5767499804496765 40
1689099931110 0.5795000195503235 41
1689099932924 0.5836250185966492 42
1689099935404 0.5799999833106995 43
1689099937215 0.5932499766349792 44
1689099939048 0.5922499895095825 45
1689099940835 0.596875011920929 46
1689099942641 0.5983750224113464 47
1689099944572 0.6023749709129333 48
1689099946660 0.6022499799728394 49
1689099949176 0.6054999828338623 50
1689099951578 0.6108750104904175 51
1689099953526 0.606249988079071 52
1689099955881 0.6128749847412109 53
1689099958239 0.6230000257492065 54
1689099960443 0.6216250061988831 55
1689099962354 0.6183750033378601 56
1689099964954 0.6259999871253967 57
1689099966690 0.6340000033378601 58
1689099968434 0.6322500109672546 59
1689099970188 0.6387500166893005 60
1689099972010 0.6449999809265137 61
1689099973804 0.637374997138977 62
1689099975612 0.6491249799728394 63
1689099977369 0.6503750085830688 64
1689099979134 0.6552500128746033 65
1689099980857 0.6557499766349792 66
1689099982691 0.6641250252723694 67
1689099984857 0.6635000109672546 68
1689099986686 0.6629999876022339 69
1689099988721 0.6708750128746033 70
1689099990642 0.6708750128746033 71
1689099992412 0.6761249899864197 72
1689099994214 0.6758750081062317 73
1689099996092 0.6784999966621399 74
1689099997899 0.6806250214576721 75
1689099999718 0.687749981880188 76
1689100001532 0.6868749856948853 77
1689100003323 0.6941249966621399 78
1689100005254 0.6863750219345093 79
1689100007072 0.6938750147819519 80
1689100008904 0.6953750252723694 81
1689100010755 0.7045000195503235 82
1689100012778 0.7055000066757202 83
1689100014837 0.7108749747276306 84
1689100016829 0.7126250267028809 85
1689100018791 0.7066249847412109 86
1689100020657 0.7133749723434448 87
1689100022810 0.7212499976158142 88
1689100024755 0.7202500104904175 89
1689100026595 0.7242500185966492 90
1689100028801 0.7267500162124634 91
1689100030693 0.7202500104904175 92
1689100032528 0.7325000166893005 93
1689100034340 0.7278749942779541 94
1689100036393 0.7328749895095825 95
1689100038452 0.7365000247955322 96
1689100040387 0.7353749871253967 97
1689100042265 0.7367500066757202 98
1689100044132 0.734250009059906 99
