1689099856735 0.02450609765946865 0
1689099858479 0.02171247825026512 1
1689099860450 0.02142292633652687 2
1689099862231 0.02124549075961113 3
1689099864482 0.02116568572819233 4
1689099866563 0.021053951233625412 5
1689099868779 0.021023618057370186 6
1689099870561 0.020869668573141098 7
1689099872504 0.020831389352679253 8
1689099874154 0.02070581167936325 9
1689099875886 0.020643623545765877 10
1689099877542 0.02056112512946129 11
1689099879166 0.020527394488453865 12
1689099880838 0.020381705835461617 13
1689099882838 0.020313173532485962 14
1689099884765 0.020249195396900177 15
1689099886505 0.020126160234212875 16
1689099888138 0.02008115127682686 17
1689099889823 0.01995914988219738 18
1689099891525 0.01982651650905609 19
1689099893284 0.01979862153530121 20
1689099894997 0.01965838111937046 21
1689099896849 0.019528500735759735 22
1689099899058 0.019455784931778908 23
1689099900900 0.019290732219815254 24
1689099902729 0.01916816271841526 25
1689099904457 0.019080575555562973 26
1689099906160 0.018977724015712738 27
1689099907880 0.018836725503206253 28
1689099909606 0.018714837729930878 29
1689099911350 0.018581300973892212 30
1689099913106 0.01844179444015026 31
1689099914798 0.01832490600645542 32
1689099916517 0.018152790144085884 33
1689099918194 0.018049020320177078 34
1689099920439 0.017861204221844673 35
1689099922447 0.017743922770023346 36
1689099924353 0.017578087747097015 37
1689099926043 0.017418147996068 38
1689099927751 0.017267370596528053 39
1689099929462 0.01703251712024212 40
1689099931110 0.01695140264928341 41
1689099932924 0.016783874481916428 42
1689099935404 0.016616273671388626 43
1689099937215 0.016418898478150368 44
1689099939048 0.016266515478491783 45
1689099940835 0.016020070761442184 46
1689099942641 0.015883930027484894 47
1689099944572 0.01570631004869938 48
1689099946660 0.015538198873400688 49
1689099949176 0.01535506546497345 50
1689099951578 0.015148798003792763 51
1689099953526 0.01502364780753851 52
1689099955881 0.014843209646642208 53
1689099958239 0.014573423191905022 54
1689099960443 0.014463827013969421 55
1689099962354 0.014240376651287079 56
1689099964954 0.014051899313926697 57
1689099966690 0.013883118517696857 58
1689099968434 0.013621561229228973 59
1689099970188 0.013535014353692532 60
1689099972010 0.013347907923161983 61
1689099973804 0.013158801011741161 62
1689099975612 0.01300201378762722 63
1689099977369 0.012815816327929497 64
1689099979134 0.012631610967218876 65
1689099980857 0.012472639791667461 66
1689099982691 0.012250427156686783 67
1689099984857 0.01211879774928093 68
1689099986686 0.011973210610449314 69
1689099988721 0.011776936240494251 70
1689099990642 0.01165567897260189 71
1689099992412 0.011464857496321201 72
1689099994214 0.011289531365036964 73
1689099996092 0.011216897517442703 74
1689099997899 0.010962233878672123 75
1689099999718 0.010870757512748241 76
1689100001532 0.010740694589912891 77
1689100003323 0.010554752312600613 78
1689100005254 0.010469324886798859 79
1689100007072 0.010296152904629707 80
1689100008904 0.010139121674001217 81
1689100010755 0.009987210854887962 82
1689100012778 0.009937791153788567 83
1689100014837 0.009773057885468006 84
1689100016829 0.009632250294089317 85
1689100018791 0.009578762575984001 86
1689100020657 0.009441407397389412 87
1689100022810 0.009318076074123383 88
1689100024755 0.009156014770269394 89
1689100026595 0.009097638539969921 90
1689100028801 0.008947102352976799 91
1689100030693 0.008873941376805305 92
1689100032528 0.008755231276154518 93
1689100034340 0.008669928647577763 94
1689100036393 0.008514621295034885 95
1689100038452 0.008475348353385925 96
1689100040387 0.008375979028642178 97
1689100042265 0.008276828564703465 98
1689100044132 0.008218289352953434 99
