1688631884667 0.31562501192092896 0
1688631885762 0.46412500739097595 1
1688631886796 0.4951249957084656 2
1688631887768 0.5033749938011169 3
1688631888711 0.5049999952316284 4
1688631889753 0.5068749785423279 5
1688631890809 0.5087500214576721 6
1688631891836 0.5077499747276306 7
1688631892852 0.5066249966621399 8
1688631893873 0.5081250071525574 9
1688631894892 0.5070000290870667 10
1688631895970 0.5071250200271606 11
1688631896993 0.5082499980926514 12
1688631897916 0.5091249942779541 13
1688631898888 0.5090000033378601 14
1688631899917 0.5091249942779541 15
1688631900993 0.5090000033378601 16
1688631902213 0.5113750100135803 17
1688631903280 0.5087500214576721 18
1688631904223 0.5097500085830688 19
1688631905138 0.5112500190734863 20
1688631906095 0.5098749995231628 21
1688631907143 0.5115000009536743 22
1688631908162 0.5099999904632568 23
1688631909154 0.5086249709129333 24
1688631910377 0.5076249837875366 25
1688631911372 0.5109999775886536 26
1688631912465 0.5087500214576721 27
1688631913397 0.5090000033378601 28
1688631914346 0.5076249837875366 29
1688631915341 0.5092499852180481 30
1688631916457 0.5084999799728394 31
1688631917408 0.5074999928474426 32
1688631918353 0.5090000033378601 33
1688631919471 0.5096250176429749 34
1688631920425 0.5099999904632568 35
1688631921392 0.5101249814033508 36
1688631922389 0.5096250176429749 37
1688631923335 0.5097500085830688 38
1688631924317 0.5115000009536743 39
1688631925320 0.5096250176429749 40
1688631926314 0.5121250152587891 41
1688631927280 0.512499988079071 42
1688631928218 0.5117499828338623 43
1688631929171 0.5070000290870667 44
1688631930125 0.5091249942779541 45
1688631931066 0.5091249942779541 46
