1688631884667 0.05631404370069504 0
1688631885762 0.040469951927661896 1
1688631886796 0.032335925847291946 2
1688631887768 0.028387470170855522 3
1688631888711 0.02636054903268814 4
1688631889753 0.025153610855340958 5
1688631890809 0.02431238815188408 6
1688631891836 0.023634957149624825 7
1688631892852 0.023033250123262405 8
1688631893873 0.022519631311297417 9
1688631894892 0.022090772166848183 10
1688631895970 0.021730955690145493 11
1688631896993 0.02144571579992771 12
1688631897916 0.02124497853219509 13
1688631898888 0.021096831187605858 14
1688631899917 0.02099577710032463 15
1688631900993 0.020922726020216942 16
1688631902213 0.020870845764875412 17
1688631903280 0.020839476957917213 18
1688631904223 0.020820200443267822 19
1688631905138 0.020801525563001633 20
1688631906095 0.02079762890934944 21
1688631907143 0.02078363113105297 22
1688631908162 0.02078474871814251 23
1688631909154 0.02077401615679264 24
1688631910377 0.020769154652953148 25
1688631911372 0.020763389766216278 26
1688631912465 0.020765552297234535 27
1688631913397 0.02074996940791607 28
1688631914346 0.020753884688019753 29
1688631915341 0.020750872790813446 30
1688631916457 0.020743289962410927 31
1688631917408 0.020747948437929153 32
1688631918353 0.020733444020152092 33
1688631919471 0.020736729726195335 34
1688631920425 0.020735204219818115 35
1688631921392 0.02073260396718979 36
1688631922389 0.02072589471936226 37
1688631923335 0.020715225487947464 38
1688631924317 0.020711038261651993 39
1688631925320 0.02071125991642475 40
1688631926314 0.020705001428723335 41
1688631927280 0.020713288336992264 42
1688631928218 0.020699484273791313 43
1688631929171 0.02069922722876072 44
1688631930125 0.020700709894299507 45
1688631931066 0.020705878734588623 46
