1688632575775 0.42412498593330383 0
1688632577279 0.47850000858306885 1
1688632578632 0.49175000190734863 2
1688632580180 0.4964999854564667 3
1688632581684 0.5005000233650208 4
1688632583157 0.500374972820282 5
1688632584669 0.4975000023841858 6
1688632586161 0.5026249885559082 7
1688632587638 0.5024999976158142 8
1688632589104 0.5017499923706055 9
1688632590654 0.5008749961853027 10
1688632592138 0.5053750276565552 11
1688632593561 0.5087500214576721 12
1688632594948 0.5107499957084656 13
1688632596404 0.5113750100135803 14
1688632597815 0.5076249837875366 15
1688632599222 0.5107499957084656 16
1688632600806 0.5120000243186951 17
1688632602154 0.515999972820282 18
1688632603772 0.5178750157356262 19
1688632605269 0.5210000276565552 20
1688632606986 0.5206249952316284 21
1688632608431 0.5191249847412109 22
1688632609851 0.515999972820282 23
1688632611340 0.5167499780654907 24
1688632612773 0.5191249847412109 25
1688632614116 0.5221250057220459 26
1688632615588 0.5263749957084656 27
1688632617093 0.5191249847412109 28
1688632618482 0.5241249799728394 29
1688632619833 0.5257499814033508 30
1688632621239 0.5276250243186951 31
1688632622584 0.5242499709129333 32
1688632623917 0.5335000157356262 33
1688632625243 0.5304999947547913 34
1688632626636 0.5283750295639038 35
1688632627963 0.5321249961853027 36
1688632629327 0.5303750038146973 37
1688632630650 0.5364999771118164 38
1688632632047 0.5354999899864197 39
1688632633420 0.534250020980835 40
1688632634754 0.534375011920929 41
1688632636097 0.5397499799728394 42
1688632637488 0.5422499775886536 43
1688632638823 0.5493749976158142 44
1688632640154 0.5389999747276306 45
1688632641469 0.5515000224113464 46
1688632642928 0.5460000038146973 47
1688632644268 0.5443750023841858 48
1688632645652 0.5511249899864197 49
1688632647009 0.5507500171661377 50
1688632648538 0.5481250286102295 51
1688632649895 0.5503749847412109 52
1688632651329 0.5546249747276306 53
1688632652820 0.5531250238418579 54
1688632654233 0.5527499914169312 55
1688632655695 0.5538750290870667 56
1688632657104 0.5598750114440918 57
1688632658538 0.5611249804496765 58
1688632659893 0.5584999918937683 59
1688632661266 0.5550000071525574 60
1688632662686 0.5648750066757202 61
1688632664060 0.565625011920929 62
1688632665481 0.5661249756813049 63
1688632666836 0.5691249966621399 64
1688632668235 0.5661249756813049 65
1688632669731 0.5683749914169312 66
1688632671152 0.5698750019073486 67
1688632672558 0.5746250152587891 68
1688632673946 0.5667499899864197 69
1688632675294 0.5731250047683716 70
1688632676624 0.5709999799728394 71
1688632677949 0.5709999799728394 72
1688632679400 0.5757499933242798 73
