1688632575775 0.03204704076051712 0
1688632577279 0.023426324129104614 1
1688632578632 0.022708849981427193 2
1688632580180 0.022225329652428627 3
1688632581684 0.021924836561083794 4
1688632583157 0.021734686568379402 5
1688632584669 0.021655982360243797 6
1688632586161 0.021487675607204437 7
1688632587638 0.021403197199106216 8
1688632589104 0.02125704474747181 9
1688632590654 0.02119111828505993 10
1688632592138 0.021090669557452202 11
1688632593561 0.020976562052965164 12
1688632594948 0.02089792676270008 13
1688632596404 0.02087247557938099 14
1688632597815 0.02083699032664299 15
1688632599222 0.020783113315701485 16
1688632600806 0.02070404589176178 17
1688632602154 0.02062016911804676 18
1688632603772 0.02055661380290985 19
1688632605269 0.020496416836977005 20
1688632606986 0.02040681801736355 21
1688632608431 0.020420797169208527 22
1688632609851 0.020392058417201042 23
1688632611340 0.020321790128946304 24
1688632612773 0.020261066034436226 25
1688632614116 0.020124757662415504 26
1688632615588 0.020076895132660866 27
1688632617093 0.02006734348833561 28
1688632618482 0.019956722855567932 29
1688632619833 0.01992831751704216 30
1688632621239 0.019885243847966194 31
1688632622584 0.01986047625541687 32
1688632623917 0.019793514162302017 33
1688632625243 0.019699666649103165 34
1688632626636 0.019682995975017548 35
1688632627963 0.01957075111567974 36
1688632629327 0.019542116671800613 37
1688632630650 0.01947360672056675 38
1688632632047 0.01933440938591957 39
1688632633420 0.01937064714729786 40
1688632634754 0.019268715754151344 41
1688632636097 0.01928958296775818 42
1688632637488 0.01917518861591816 43
1688632638823 0.019074643030762672 44
1688632640154 0.019075052812695503 45
1688632641469 0.018986865878105164 46
1688632642928 0.018877403810620308 47
1688632644268 0.01885037124156952 48
1688632645652 0.018787795677781105 49
1688632647009 0.018757861107587814 50
1688632648538 0.01872853934764862 51
1688632649895 0.01868755742907524 52
1688632651329 0.018561504781246185 53
1688632652820 0.01853356882929802 54
1688632654233 0.018391335383057594 55
1688632655695 0.018392592668533325 56
1688632657104 0.018327079713344574 57
1688632658538 0.018210118636488914 58
1688632659893 0.01822568103671074 59
1688632661266 0.0181624423712492 60
1688632662686 0.01807278022170067 61
1688632664060 0.01801896281540394 62
1688632665481 0.017960859462618828 63
1688632666836 0.017902560532093048 64
1688632668235 0.01781345158815384 65
1688632669731 0.017825676128268242 66
1688632671152 0.017748545855283737 67
1688632672558 0.017621101811528206 68
1688632673946 0.017624657601118088 69
1688632675294 0.017522916197776794 70
1688632676624 0.01750241033732891 71
1688632677949 0.017458226531744003 72
1688632679400 0.01735297590494156 73
