1688633607219 0.4788750112056732 0
1688633609124 0.4972499907016754 1
1688633610890 0.4970000088214874 2
1688633612734 0.5011249780654907 3
1688633614580 0.5106250047683716 4
1688633616528 0.49924999475479126 5
1688633618529 0.5041249990463257 6
1688633620281 0.5084999799728394 7
1688633622010 0.5113750100135803 8
1688633623826 0.5143749713897705 9
1688633625578 0.515874981880188 10
1688633627355 0.5161250233650208 11
1688633629181 0.515500009059906 12
1688633630955 0.5201249718666077 13
1688633632785 0.5211250185966492 14
1688633634566 0.5222499966621399 15
1688633636348 0.5191249847412109 16
1688633638198 0.5191249847412109 17
1688633639981 0.5197499990463257 18
1688633641753 0.5239999890327454 19
1688633643601 0.5274999737739563 20
1688633645388 0.5320000052452087 21
1688633647147 0.5296249985694885 22
1688633648999 0.5353749990463257 23
1688633650775 0.5361250042915344 24
1688633652545 0.5335000157356262 25
1688633654393 0.5403749942779541 26
1688633656203 0.543624997138977 27
1688633657986 0.5441250205039978 28
1688633659831 0.543874979019165 29
1688633661620 0.5475000143051147 30
1688633663406 0.5538750290870667 31
1688633665223 0.5515000224113464 32
1688633667018 0.5586249828338623 33
1688633668869 0.5528749823570251 34
1688633670664 0.5571249723434448 35
1688633672468 0.5615000128746033 36
1688633674324 0.5642499923706055 37
1688633676173 0.5625 38
1688633677980 0.5680000185966492 39
1688633679896 0.5690000057220459 40
1688633681688 0.5772500038146973 41
1688633683492 0.5826249718666077 42
1688633685389 0.5833749771118164 43
1688633687167 0.5827500224113464 44
1688633689054 0.5864999890327454 45
1688633690914 0.590624988079071 46
1688633692767 0.5992500185966492 47
1688633694589 0.5957499742507935 48
1688633696457 0.6001250147819519 49
1688633698239 0.6068750023841858 50
1688633700195 0.609749972820282 51
1688633701994 0.6133750081062317 52
1688633703808 0.6107500195503235 53
1688633705707 0.6147500276565552 54
1688633707505 0.6206250190734863 55
1688633709387 0.6225000023841858 56
1688633711257 0.6237499713897705 57
1688633713117 0.6231250166893005 58
1688633714912 0.6288750171661377 59
1688633716835 0.6351249814033508 60
1688633718633 0.6378750205039978 61
1688633720521 0.6392499804496765 62
1688633722359 0.640375018119812 63
1688633724155 0.6514999866485596 64
1688633726082 0.6447499990463257 65
1688633727862 0.653124988079071 66
1688633729722 0.6489999890327454 67
1688633731609 0.6470000147819519 68
1688633733396 0.6639999747276306 69
1688633735223 0.6604999899864197 70
1688633737071 0.6641250252723694 71
1688633738908 0.6656249761581421 72
1688633740706 0.6706249713897705 73
1688633742640 0.6737499833106995 74
1688633744449 0.672124981880188 75
1688633746329 0.6797500252723694 76
1688633748160 0.6733750104904175 77
1688633749958 0.6804999709129333 78
1688633751863 0.6807500123977661 79
1688633753637 0.6896250247955322 80
1688633755485 0.6801249980926514 81
1688633757350 0.6869999766349792 82
1688633759173 0.6902499794960022 83
1688633761019 0.6943749785423279 84
1688633762901 0.6938750147819519 85
1688633764774 0.6934999823570251 86
1688633766577 0.7003750205039978 87
1688633768509 0.703499972820282 88
1688633770298 0.6991249918937683 89
1688633772189 0.702750027179718 90
1688633774011 0.7059999704360962 91
1688633775873 0.7071250081062317 92
1688633777866 0.7143750190734863 93
1688633779667 0.7116249799728394 94
1688633781476 0.7160000205039978 95
1688633783369 0.7148749828338623 96
1688633785175 0.7172499895095825 97
1688633787030 0.7148749828338623 98
1688633788914 0.7198749780654907 99
