1688633607219 0.024707231670618057 0
1688633609124 0.021835103631019592 1
1688633610890 0.02144516445696354 2
1688633612734 0.021379714831709862 3
1688633614580 0.02121221274137497 4
1688633616528 0.02107766643166542 5
1688633618529 0.021043643355369568 6
1688633620281 0.02088906429708004 7
1688633622010 0.02082338184118271 8
1688633623826 0.020748455077409744 9
1688633625578 0.020687390118837357 10
1688633627355 0.02059728093445301 11
1688633629181 0.020518090575933456 12
1688633630955 0.020495502278208733 13
1688633632785 0.020365513861179352 14
1688633634566 0.0202665813267231 15
1688633636348 0.020148951560258865 16
1688633638198 0.020110994577407837 17
1688633639981 0.020026465877890587 18
1688633641753 0.01994633488357067 19
1688633643601 0.019820602610707283 20
1688633645388 0.019737470895051956 21
1688633647147 0.0196466613560915 22
1688633648999 0.01951655186712742 23
1688633650775 0.019494328647851944 24
1688633652545 0.019284872338175774 25
1688633654393 0.019188150763511658 26
1688633656203 0.01906978152692318 27
1688633657986 0.018955828621983528 28
1688633659831 0.01882975362241268 29
1688633661620 0.018702324479818344 30
1688633663406 0.018548782914876938 31
1688633665223 0.018436135724186897 32
1688633667018 0.018325019627809525 33
1688633668869 0.01816711761057377 34
1688633670664 0.01801026239991188 35
1688633672468 0.01788623444736004 36
1688633674324 0.017755284905433655 37
1688633676173 0.017543921247124672 38
1688633677980 0.017423899844288826 39
1688633679896 0.017288992181420326 40
1688633681688 0.017153684049844742 41
1688633683492 0.01694992557168007 42
1688633685389 0.01677630841732025 43
1688633687167 0.016665782779455185 44
1688633689054 0.016539040952920914 45
1688633690914 0.016323503106832504 46
1688633692767 0.016132181510329247 47
1688633694589 0.01601428911089897 48
1688633696457 0.015826307237148285 49
1688633698239 0.015675680711865425 50
1688633700195 0.015534808859229088 51
1688633701994 0.015382594428956509 52
1688633703808 0.015142373740673065 53
1688633705707 0.015047306194901466 54
1688633707505 0.014847266487777233 55
1688633709387 0.014677283354103565 56
1688633711257 0.014545725658535957 57
1688633713117 0.014347138814628124 58
1688633714912 0.014244280755519867 59
1688633716835 0.014027561992406845 60
1688633718633 0.013872260227799416 61
1688633720521 0.013752377592027187 62
1688633722359 0.013559581711888313 63
1688633724155 0.013413133099675179 64
1688633726082 0.013273828662931919 65
1688633727862 0.013095463626086712 66
1688633729722 0.013004913926124573 67
1688633731609 0.012795473448932171 68
1688633733396 0.012676176615059376 69
1688633735223 0.012553472071886063 70
1688633737071 0.0124655244871974 71
1688633738908 0.01225787028670311 72
1688633740706 0.012183734215795994 73
1688633742640 0.011993360705673695 74
1688633744449 0.011895016767084599 75
1688633746329 0.011728579178452492 76
1688633748160 0.011599182151257992 77
1688633749958 0.011524134315550327 78
1688633751863 0.011348641477525234 79
1688633753637 0.011251037009060383 80
1688633755485 0.011157314293086529 81
1688633757350 0.011022014543414116 82
1688633759173 0.010883352719247341 83
1688633761019 0.010781046003103256 84
1688633762901 0.010701646097004414 85
1688633764774 0.010586691088974476 86
1688633766577 0.010464656166732311 87
1688633768509 0.010350788943469524 88
1688633770298 0.010213605128228664 89
1688633772189 0.010166416876018047 90
1688633774011 0.010041879490017891 91
1688633775873 0.009936518967151642 92
1688633777866 0.009816749021410942 93
1688633779667 0.009773221798241138 94
1688633781476 0.009718554094433784 95
1688633783369 0.009570054709911346 96
1688633785175 0.009467697702348232 97
1688633787030 0.00937364436686039 98
1688633788914 0.009306308813393116 99
