1688631815807 0.21512499451637268 0
1688631816824 0.3006249964237213 1
1688631817907 0.32212498784065247 2
1688631818918 0.33550000190734863 3
1688631819912 0.34587499499320984 4
1688631820939 0.3608750104904175 5
1688631821997 0.37275001406669617 6
1688631823071 0.3882499933242798 7
1688631824181 0.3996250033378601 8
1688631825236 0.41312500834465027 9
1688631826414 0.42375001311302185 10
1688631827531 0.4320000112056732 11
1688631828644 0.4426249861717224 12
1688631829696 0.4496249854564667 13
1688631830768 0.4544999897480011 14
1688631831810 0.46000000834465027 15
1688631832831 0.4663749933242798 16
1688631833852 0.4715000092983246 17
1688631834843 0.4776250123977661 18
1688631835882 0.4788750112056732 19
1688631837039 0.48337501287460327 20
1688631838083 0.4872500002384186 21
1688631839006 0.4893749952316284 22
1688631840026 0.49175000190734863 23
1688631840958 0.49149999022483826 24
1688631841887 0.49399998784065247 25
1688631842812 0.49799999594688416 26
1688631843771 0.4986250102519989 27
1688631844724 0.49962499737739563 28
1688631845666 0.500249981880188 29
1688631846603 0.5012500286102295 30
1688631847541 0.5028749704360962 31
1688631848475 0.5049999952316284 32
1688631849399 0.5042499899864197 33
1688631850322 0.5048750042915344 34
1688631851244 0.5073750019073486 35
1688631852192 0.5073750019073486 36
1688631853134 0.5093749761581421 37
1688631854076 0.5082499980926514 38
1688631855034 0.5092499852180481 39
1688631855987 0.5092499852180481 40
1688631856930 0.5098749995231628 41
1688631857879 0.5115000009536743 42
1688631858805 0.5115000009536743 43
1688631859743 0.5108749866485596 44
1688631860704 0.512374997138977 45
1688631861657 0.512374997138977 46
1688631862615 0.5106250047683716 47
1688631863630 0.5115000009536743 48
1688631864614 0.5113750100135803 49
1688631865565 0.5111250281333923 50
1688631866551 0.5108749866485596 51
1688631867529 0.5120000243186951 52
1688631868456 0.5105000138282776 53
1688631869383 0.5108749866485596 54
1688631870336 0.5103750228881836 55
1688631871285 0.5103750228881836 56
1688631872221 0.5116249918937683 57
