1688631815807 0.06405070424079895 0
1688631816824 0.06059405207633972 1
1688631817907 0.05845301225781441 2
1688631818918 0.05676283314824104 3
1688631819912 0.05520280823111534 4
1688631820939 0.05370200425386429 5
1688631821997 0.05224810168147087 6
1688631823071 0.05085267126560211 7
1688631824181 0.04950472712516785 8
1688631825236 0.048196423798799515 9
1688631826414 0.04692116007208824 10
1688631827531 0.045677509158849716 11
1688631828644 0.044462498277425766 12
1688631829696 0.043271638453006744 13
1688631830768 0.042118363082408905 14
1688631831810 0.04101353511214256 15
1688631832831 0.03996789827942848 16
1688631833852 0.038976311683654785 17
1688631834843 0.03803675249218941 18
1688631835882 0.037145666778087616 19
1688631837039 0.03630002960562706 20
1688631838083 0.035496894270181656 21
1688631839006 0.034738149493932724 22
1688631840026 0.034022387117147446 23
1688631840958 0.03335142508149147 24
1688631841887 0.0327218659222126 25
1688631842812 0.03213275223970413 26
1688631843771 0.031584374606609344 27
1688631844724 0.03106945939362049 28
1688631845666 0.03058772161602974 29
1688631846603 0.03014097921550274 30
1688631847541 0.0297284796833992 31
1688631848475 0.02934735082089901 32
1688631849399 0.028991779312491417 33
1688631850322 0.02866193652153015 34
1688631851244 0.028354771435260773 35
1688631852192 0.028067326173186302 36
1688631853134 0.027799660339951515 37
1688631854076 0.027550967410206795 38
1688631855034 0.02731761895120144 39
1688631855987 0.02710016630589962 40
1688631856930 0.0268954299390316 41
1688631857879 0.02669941633939743 42
1688631858805 0.026519056409597397 43
1688631859743 0.026345958933234215 44
1688631860704 0.026182526722550392 45
1688631861657 0.026029590517282486 46
1688631862615 0.025885626673698425 47
1688631863630 0.02574722282588482 48
1688631864614 0.02561870776116848 49
1688631865565 0.025492655113339424 50
1688631866551 0.02537653036415577 51
1688631867529 0.025262707844376564 52
1688631868456 0.02515491098165512 53
1688631869383 0.025050172582268715 54
1688631870336 0.02494795434176922 55
1688631871285 0.02485027350485325 56
1688631872221 0.024755068123340607 57
