1688485750709 0.25099998712539673 0
1688485751882 0.28087499737739563 1
1688485753025 0.28299999237060547 2
1688485754105 0.3071250021457672 3
1688485755122 0.32499998807907104 4
1688485756313 0.3623749911785126 5
1688485757276 0.3804999887943268 6
1688485758253 0.4009999930858612 7
1688485759204 0.4129999876022339 8
1688485760156 0.42225000262260437 9
1688485761132 0.42774999141693115 10
1688485762103 0.43299999833106995 11
1688485763048 0.4398750066757202 12
1688485764004 0.4438750147819519 13
1688485764944 0.44975000619888306 14
1688485765889 0.45524999499320984 15
1688485766830 0.45925000309944153 16
1688485767779 0.4633750021457672 17
1688485768726 0.46974998712539673 18
1688485769667 0.4711250066757202 19
1688485770611 0.47350001335144043 20
1688485771583 0.47749999165534973 21
1688485772527 0.48475000262260437 22
1688485773476 0.4814999997615814 23
1688485774421 0.4868749976158142 24
1688485775365 0.4817500114440918 25
1688485776338 0.4857499897480011 26
1688485777286 0.49162501096725464 27
1688485778261 0.4894999861717224 28
1688485779231 0.49274998903274536 29
1688485780184 0.500249981880188 30
1688485781132 0.49274998903274536 31
1688485782087 0.4950000047683716 32
1688485783036 0.49562498927116394 33
1688485784009 0.4972499907016754 34
1688485784985 0.49950000643730164 35
1688485785961 0.4976249933242798 36
1688485786943 0.5053750276565552 37
1688485787923 0.5052499771118164 38
1688485788919 0.5038750171661377 39
1688485789895 0.5018749833106995 40
1688485790872 0.5077499747276306 41
1688485791820 0.5070000290870667 42
1688485792765 0.503125011920929 43
1688485793714 0.5057500004768372 44
1688485794677 0.5044999718666077 45
1688485795650 0.5082499980926514 46
1688485796619 0.5044999718666077 47
1688485797601 0.503250002861023 48
1688485798596 0.5068749785423279 49
1688485799630 0.5071250200271606 50
1688485800600 0.5041249990463257 51
1688485801563 0.5076249837875366 52
1688485802526 0.5113750100135803 53
1688485803561 0.5071250200271606 54
1688485804589 0.5073750019073486 55
1688485805574 0.5096250176429749 56
1688485806604 0.5052499771118164 57
1688485807572 0.5093749761581421 58
1688485808533 0.5072500109672546 59
1688485809561 0.5076249837875366 60
1688485810566 0.5095000267028809 61
1688485811542 0.5061249732971191 62
1688485812514 0.5046250224113464 63
1688485813505 0.5101249814033508 64
1688485814565 0.5122500061988831 65
1688485815589 0.5071250200271606 66
1688485816624 0.5072500109672546 67
1688485817636 0.5074999928474426 68
1688485818647 0.5047500133514404 69
1688485819741 0.5112500190734863 70
1688485820758 0.5095000267028809 71
1688485821775 0.5052499771118164 72
1688485822833 0.5084999799728394 73
1688485823842 0.5056250095367432 74
1688485824902 0.5097500085830688 75
1688485825937 0.5084999799728394 76
1688485826950 0.5078750252723694 77
1688485827957 0.5070000290870667 78
1688485828989 0.5082499980926514 79
1688485830072 0.5049999952316284 80
1688485831106 0.5058749914169312 81
1688485832115 0.5059999823570251 82
1688485833127 0.5072500109672546 83
1688485834135 0.5093749761581421 84
1688485835211 0.5037500262260437 85
1688485836228 0.5065000057220459 86
1688485837256 0.5071250200271606 87
1688485838291 0.5070000290870667 88
1688485839612 0.5106250047683716 89
1688485840876 0.5090000033378601 90
1688485841922 0.5076249837875366 91
1688485842942 0.5051249861717224 92
1688485843991 0.5084999799728394 93
1688485845021 0.5034999847412109 94
1688485846053 0.5063750147819519 95
1688485847079 0.5128750205039978 96
1688485848052 0.5033749938011169 97
1688485849033 0.5065000057220459 98
1688485850065 0.5041249990463257 99
