1688485750709 0.20053403079509735 0
1688485751882 0.14118580520153046 1
1688485753025 0.12882092595100403 2
1688485754105 0.1268651932477951 3
1688485755122 0.1261589527130127 4
1688485756313 0.12546327710151672 5
1688485757276 0.12472055852413177 6
1688485758253 0.12392472475767136 7
1688485759204 0.12316185981035233 8
1688485760156 0.12243524938821793 9
1688485761132 0.12174836546182632 10
1688485762103 0.12110874056816101 11
1688485763048 0.12048779428005219 12
1688485764004 0.11989691853523254 13
1688485764944 0.11936186999082565 14
1688485765889 0.11884045600891113 15
1688485766830 0.11834587156772614 16
1688485767779 0.11788307875394821 17
1688485768726 0.11744942516088486 18
1688485769667 0.11703043431043625 19
1688485770611 0.11663264036178589 20
1688485771583 0.11625328660011292 21
1688485772527 0.1158897876739502 22
1688485773476 0.1155688688158989 23
1688485774421 0.11523082107305527 24
1688485775365 0.11490560322999954 25
1688485776338 0.11459285020828247 26
1688485777286 0.11430026590824127 27
1688485778261 0.11403471231460571 28
1688485779231 0.11376231163740158 29
1688485780184 0.11351635307073593 30
1688485781132 0.11327626556158066 31
1688485782087 0.11304407566785812 32
1688485783036 0.11281802505254745 33
1688485784009 0.11261651664972305 34
1688485784985 0.1124059185385704 35
1688485785961 0.11222346127033234 36
1688485786943 0.11205420643091202 37
1688485787923 0.11187165230512619 38
1688485788919 0.11170801520347595 39
1688485789895 0.11155804246664047 40
1688485790872 0.11140207201242447 41
1688485791820 0.111251600086689 42
1688485792765 0.11112992465496063 43
1688485793714 0.1109812930226326 44
1688485794677 0.11085636168718338 45
1688485795650 0.11076520383358002 46
1688485796619 0.11064953356981277 47
1688485797601 0.11051512509584427 48
1688485798596 0.11041224002838135 49
1688485799630 0.1102980375289917 50
1688485800600 0.11020974814891815 51
1688485801563 0.11009721457958221 52
1688485802526 0.11001349985599518 53
1688485803561 0.10992011427879333 54
1688485804589 0.10984675586223602 55
1688485805574 0.10977554321289062 56
1688485806604 0.10968992114067078 57
1688485807572 0.10959680378437042 58
1688485808533 0.10951382666826248 59
1688485809561 0.10945899039506912 60
1688485810566 0.1093761995434761 61
1688485811542 0.10930696129798889 62
1688485812514 0.10925169289112091 63
1688485813505 0.10917610675096512 64
1688485814565 0.10910935699939728 65
1688485815589 0.10904862731695175 66
1688485816624 0.10898596048355103 67
1688485817636 0.10894103348255157 68
1688485818647 0.10889051109552383 69
1688485819741 0.10885508358478546 70
1688485820758 0.10877682268619537 71
1688485821775 0.10872259736061096 72
1688485822833 0.10866067558526993 73
1688485823842 0.108621746301651 74
1688485824902 0.1085592657327652 75
1688485825937 0.10852516442537308 76
1688485826950 0.10847368091344833 77
1688485827957 0.1084391251206398 78
1688485828989 0.1083957701921463 79
1688485830072 0.10836226493120193 80
1688485831106 0.10832583159208298 81
1688485832115 0.10827304422855377 82
1688485833127 0.1082446500658989 83
1688485834135 0.10818739235401154 84
1688485835211 0.10818376392126083 85
1688485836228 0.10810893028974533 86
1688485837256 0.10806813091039658 87
1688485838291 0.1080453023314476 88
1688485839612 0.10801168531179428 89
1688485840876 0.10800902545452118 90
1688485841922 0.10794594138860703 91
1688485842942 0.10791265964508057 92
1688485843991 0.1078796535730362 93
1688485845021 0.1078500747680664 94
1688485846053 0.10782544314861298 95
1688485847079 0.10777879506349564 96
1688485848052 0.10775227844715118 97
1688485849033 0.10771744698286057 98
1688485850065 0.10771682858467102 99
