1688631483577 0.24262499809265137 0
1688631484612 0.4048750102519989 1
1688631485640 0.4375 2
1688631486591 0.4514999985694885 3
1688631487552 0.46399998664855957 4
1688631488554 0.4741249978542328 5
1688631489598 0.46787500381469727 6
1688631490604 0.4754999876022339 7
1688631491594 0.47099998593330383 8
1688631492571 0.48662498593330383 9
1688631493552 0.4777500033378601 10
1688631494543 0.47725000977516174 11
1688631495528 0.48100000619888306 12
1688631496482 0.4806250035762787 13
1688631497450 0.4805000126361847 14
1688631498455 0.4805000126361847 15
1688631499447 0.4805000126361847 16
1688631500459 0.49287500977516174 17
1688631501435 0.48337501287460327 18
1688631502360 0.47350001335144043 19
1688631503286 0.47824999690055847 20
1688631504214 0.48524999618530273 21
1688631505162 0.4880000054836273 22
1688631506092 0.4813750088214874 23
1688631507027 0.47999998927116394 24
