1688631483577 0.17122790217399597 0
1688631484612 0.07819806784391403 1
1688631485640 0.05272013694047928 2
1688631486591 0.0423627607524395 3
1688631487552 0.03771120682358742 4
1688631488554 0.03526661917567253 5
1688631489598 0.03391577675938606 6
1688631490604 0.03273916244506836 7
1688631491594 0.0320751778781414 8
1688631492571 0.03132626414299011 9
1688631493552 0.030653102323412895 10
1688631494543 0.030238209292292595 11
1688631495528 0.029815491288900375 12
1688631496482 0.0294159185141325 13
1688631497450 0.029225874692201614 14
1688631498455 0.028888169676065445 15
1688631499447 0.02863149531185627 16
1688631500459 0.028364287689328194 17
1688631501435 0.028240041807293892 18
1688631502360 0.028073908761143684 19
1688631503286 0.027847014367580414 20
1688631504214 0.027605660259723663 21
1688631505162 0.02757173590362072 22
1688631506092 0.027335235849022865 23
1688631507027 0.027333637699484825 24
