1688484507838 0.2698749899864197 0
1688484508272 0.34375 1
1688484508776 0.3856250047683716 2
1688484509237 0.39762499928474426 3
1688484509635 0.4127500057220459 4
1688484510064 0.41062501072883606 5
1688484510491 0.4154999852180481 6
1688484510913 0.4181250035762787 7
1688484511343 0.4207499921321869 8
1688484511790 0.42262500524520874 9
1688484512228 0.4258750081062317 10
1688484512687 0.41987499594688416 11
1688484513127 0.42250001430511475 12
1688484513532 0.42412498593330383 13
1688484513931 0.42137500643730164 14
1688484514333 0.42124998569488525 15
1688484514768 0.42662501335144043 16
1688484515214 0.4207499921321869 17
1688484515652 0.4205000102519989 18
1688484516097 0.42225000262260437 19
1688484516586 0.4205000102519989 20
1688484517031 0.42762500047683716 21
1688484517478 0.4272499978542328 22
1688484517919 0.4309999942779541 23
1688484518330 0.4259999990463257 24
1688484518730 0.43012499809265137 25
1688484519133 0.42387500405311584 26
1688484519536 0.43012499809265137 27
1688484519943 0.4255000054836273 28
1688484520342 0.42524999380111694 29
1688484520756 0.42750000953674316 30
1688484521166 0.4247500002384186 31
1688484521603 0.4332500100135803 32
1688484522030 0.4350000023841858 33
1688484522507 0.43050000071525574 34
1688484522994 0.43274998664855957 35
1688484523429 0.43024998903274536 36
1688484523852 0.4332500100135803 37
1688484524250 0.43274998664855957 38
1688484524643 0.429625004529953 39
1688484525071 0.43187499046325684 40
1688484525486 0.4283750057220459 41
1688484525904 0.43674999475479126 42
1688484526401 0.429625004529953 43
1688484526871 0.4323750138282776 44
1688484527342 0.4387499988079071 45
1688484527772 0.4339999854564667 46
1688484528204 0.4358749985694885 47
1688484528630 0.44350001215934753 48
1688484529023 0.4326249957084656 49
1688484529414 0.43437498807907104 50
1688484529805 0.4427500069141388 51
1688484530198 0.44437500834465027 52
1688484530592 0.43525001406669617 53
1688484530987 0.43662500381469727 54
1688484531394 0.4333750009536743 55
1688484531789 0.43562498688697815 56
1688484532180 0.43537500500679016 57
1688484532572 0.43687498569488525 58
1688484532965 0.4337500035762787 59
1688484533371 0.4403750002384186 60
1688484533774 0.43950000405311584 61
1688484534188 0.4361250102519989 62
1688484534582 0.4359999895095825 63
1688484534975 0.43575000762939453 64
1688484535369 0.437624990940094 65
1688484535759 0.43849998712539673 66
1688484536168 0.43962499499320984 67
1688484536573 0.43924999237060547 68
1688484536983 0.4358749985694885 69
1688484537421 0.4363749921321869 70
1688484537837 0.4348750114440918 71
1688484538273 0.4339999854564667 72
1688484538723 0.43974998593330383 73
1688484539149 0.43700000643730164 74
1688484539557 0.4424999952316284 75
1688484539945 0.4350000023841858 76
1688484540369 0.44312500953674316 77
1688484540761 0.437624990940094 78
1688484541191 0.4386250078678131 79
1688484541586 0.43812501430511475 80
1688484541980 0.4429999887943268 81
1688484542391 0.4427500069141388 82
1688484542793 0.4492500126361847 83
1688484543211 0.43837499618530273 84
1688484543634 0.43937501311302185 85
1688484544096 0.4410000145435333 86
1688484544533 0.4398750066757202 87
1688484544923 0.4391250014305115 88
1688484545339 0.4424999952316284 89
1688484545779 0.43825000524520874 90
1688484546214 0.4441249966621399 91
1688484546683 0.445125013589859 92
1688484547122 0.4377500116825104 93
1688484547570 0.4429999887943268 94
1688484547979 0.4417499899864197 95
1688484548392 0.43575000762939453 96
1688484548813 0.44699999690055847 97
1688484549234 0.4415000081062317 98
1688484549660 0.44712498784065247 99
1688484550075 0.44475001096725464 100
1688484550468 0.43799999356269836 101
1688484550865 0.44200000166893005 102
1688484551258 0.4404999911785126 103
1688484551652 0.44062501192092896 104
1688484552052 0.44087499380111694 105
1688484552473 0.4391250014305115 106
1688484552872 0.44837498664855957 107
1688484553269 0.4440000057220459 108
1688484553668 0.4424999952316284 109
1688484554063 0.44449999928474426 110
1688484554463 0.44225001335144043 111
1688484554861 0.44449999928474426 112
1688484555262 0.44337499141693115 113
1688484555666 0.44874998927116394 114
1688484556062 0.4424999952316284 115
1688484556481 0.44449999928474426 116
1688484556878 0.43525001406669617 117
1688484557277 0.4481250047683716 118
1688484557673 0.4403750002384186 119
1688484558073 0.4480000138282776 120
1688484558472 0.445250004529953 121
1688484558870 0.4423750042915344 122
1688484559265 0.4492500126361847 123
1688484559662 0.44574999809265137 124
1688484560068 0.4490000009536743 125
1688484560471 0.43974998593330383 126
1688484560872 0.4466249942779541 127
1688484561272 0.44362500309944153 128
1688484561672 0.4449999928474426 129
1688484562080 0.445250004529953 130
1688484562486 0.44462499022483826 131
1688484562885 0.4481250047683716 132
1688484563294 0.44437500834465027 133
1688484563699 0.4413749873638153 134
1688484564102 0.445125013589859 135
1688484564502 0.44874998927116394 136
1688484564902 0.43962499499320984 137
1688484565303 0.445250004529953 138
1688484565700 0.44362500309944153 139
1688484566101 0.4482499957084656 140
1688484566501 0.45274999737739563 141
1688484566899 0.45137500762939453 142
1688484567305 0.44725000858306885 143
1688484567699 0.4496249854564667 144
1688484568101 0.4490000009536743 145
1688484568505 0.4488750100135803 146
1688484568901 0.4413749873638153 147
1688484569296 0.4401249885559082 148
1688484569699 0.44612500071525574 149
1688484570102 0.4496249854564667 150
1688484570509 0.4465000033378601 151
1688484570909 0.4416249990463257 152
1688484571310 0.45237499475479126 153
1688484571714 0.45124998688697815 154
1688484572119 0.4494999945163727 155
1688484572545 0.44350001215934753 156
1688484572949 0.44862499833106995 157
1688484573347 0.4476250112056732 158
1688484573743 0.4518750011920929 159
1688484574142 0.44612500071525574 160
1688484574539 0.45249998569488525 161
1688484574939 0.4482499957084656 162
1688484575338 0.44874998927116394 163
1688484575737 0.44975000619888306 164
1688484576137 0.4482499957084656 165
1688484576545 0.45524999499320984 166
1688484576955 0.4506250023841858 167
1688484577356 0.4442499876022339 168
1688484577762 0.4438750147819519 169
1688484578165 0.4481250047683716 170
1688484578564 0.44874998927116394 171
1688484578971 0.4480000138282776 172
1688484579372 0.4494999945163727 173
1688484579773 0.44987499713897705 174
1688484580168 0.453125 175
1688484580574 0.453249990940094 176
1688484580974 0.4465000033378601 177
1688484581373 0.445250004529953 178
1688484581774 0.4481250047683716 179
1688484582178 0.45087501406669617 180
1688484582584 0.4502499997615814 181
1688484582988 0.44337499141693115 182
1688484583389 0.44837498664855957 183
1688484583787 0.4519999921321869 184
1688484584189 0.45225000381469727 185
1688484584588 0.4456250071525574 186
1688484584987 0.45274999737739563 187
1688484585385 0.45274999737739563 188
1688484585788 0.44350001215934753 189
1688484586190 0.4561249911785126 190
1688484586593 0.44987499713897705 191
1688484586997 0.44725000858306885 192
1688484587398 0.44987499713897705 193
1688484587798 0.44712498784065247 194
1688484588218 0.44624999165534973 195
1688484588615 0.4543749988079071 196
1688484589013 0.44749999046325684 197
1688484589410 0.4494999945163727 198
1688484589811 0.4496249854564667 199
1688484590214 0.45274999737739563 200
1688484590626 0.453249990940094 201
1688484591031 0.45375001430511475 202
1688484591432 0.4490000009536743 203
1688484591832 0.45212501287460327 204
1688484592230 0.44999998807907104 205
1688484592630 0.4506250023841858 206
1688484593033 0.4543749988079071 207
1688484593426 0.45100000500679016 208
1688484593829 0.45350000262260437 209
1688484594228 0.4492500126361847 210
1688484594630 0.4547500014305115 211
1688484595033 0.4491249918937683 212
1688484595436 0.44600000977516174 213
1688484595866 0.445250004529953 214
1688484596282 0.4493750035762787 215
1688484596703 0.4507499933242798 216
1688484597106 0.45387500524520874 217
1688484597515 0.44475001096725464 218
1688484597926 0.44987499713897705 219
1688484598338 0.4501250088214874 220
1688484598745 0.4488750100135803 221
1688484599145 0.44874998927116394 222
1688484599546 0.45212501287460327 223
1688484599966 0.45124998688697815 224
1688484600412 0.4561249911785126 225
1688484600835 0.45412498712539673 226
1688484601238 0.45274999737739563 227
1688484601636 0.453125 228
1688484602036 0.44712498784065247 229
1688484602435 0.45237499475479126 230
1688484602837 0.45087501406669617 231
1688484603243 0.4516249895095825 232
1688484603646 0.4542500078678131 233
1688484604073 0.45625001192092896 234
1688484604475 0.45487499237060547 235
1688484604881 0.4506250023841858 236
1688484605280 0.4494999945163727 237
1688484605681 0.4503749907016754 238
1688484606094 0.45524999499320984 239
1688484606499 0.45637500286102295 240
1688484606901 0.44975000619888306 241
1688484607303 0.4544999897480011 242
1688484607706 0.4502499997615814 243
1688484608110 0.4506250023841858 244
1688484608511 0.44999998807907104 245
1688484608913 0.45237499475479126 246
1688484609320 0.45649999380111694 247
1688484609728 0.45112499594688416 248
1688484610129 0.45625001192092896 249
1688484610535 0.453000009059906 250
1688484610945 0.4491249918937683 251
1688484611354 0.45487499237060547 252
1688484611758 0.44975000619888306 253
1688484612169 0.4547500014305115 254
1688484612572 0.45112499594688416 255
1688484613001 0.45137500762939453 256
1688484613408 0.45274999737739563 257
1688484613818 0.45500001311302185 258
1688484614225 0.4569999873638153 259
1688484614633 0.45649999380111694 260
1688484615045 0.4490000009536743 261
1688484615449 0.45225000381469727 262
1688484615853 0.45350000262260437 263
1688484616258 0.4505000114440918 264
1688484616661 0.445250004529953 265
1688484617070 0.45787501335144043 266
1688484617486 0.4556249976158142 267
1688484617978 0.45112499594688416 268
1688484618528 0.45899999141693115 269
1688484619031 0.45487499237060547 270
1688484619562 0.45137500762939453 271
1688484620285 0.45350000262260437 272
1688484620852 0.45225000381469727 273
1688484621329 0.4502499997615814 274
1688484621798 0.44850000739097595 275
1688484622267 0.45262500643730164 276
1688484622732 0.45500001311302185 277
1688484623175 0.4557499885559082 278
1688484623619 0.44850000739097595 279
1688484624107 0.4492500126361847 280
1688484624535 0.45274999737739563 281
1688484624972 0.45237499475479126 282
1688484625429 0.45399999618530273 283
1688484625920 0.4571250081062317 284
1688484626352 0.45412498712539673 285
1688484626751 0.45362499356269836 286
1688484627192 0.4505000114440918 287
1688484627594 0.4598749876022339 288
1688484628027 0.45399999618530273 289
1688484628443 0.453249990940094 290
1688484628851 0.4557499885559082 291
1688484629263 0.45124998688697815 292
1688484629673 0.46050000190734863 293
1688484630077 0.45087501406669617 294
1688484630495 0.45112499594688416 295
1688484630909 0.45925000309944153 296
1688484631320 0.4543749988079071 297
1688484631725 0.4580000042915344 298
1688484632132 0.45375001430511475 299
1688484632538 0.4567500054836273 300
1688484632939 0.45399999618530273 301
1688484633344 0.4528749883174896 302
1688484633745 0.4518750011920929 303
1688484634153 0.4571250081062317 304
1688484634563 0.45412498712539673 305
1688484634981 0.44987499713897705 306
1688484635387 0.45412498712539673 307
1688484635803 0.4518750011920929 308
1688484636241 0.45487499237060547 309
1688484636668 0.45087501406669617 310
1688484637104 0.45237499475479126 311
1688484637536 0.4505000114440918 312
1688484637941 0.45637500286102295 313
1688484638378 0.4528749883174896 314
1688484638789 0.45762500166893005 315
1688484639196 0.44999998807907104 316
1688484639617 0.45399999618530273 317
1688484640132 0.453000009059906 318
1688484640561 0.4581249952316284 319
1688484640983 0.45762500166893005 320
1688484641440 0.44999998807907104 321
1688484641933 0.4569999873638153 322
1688484642568 0.4572499990463257 323
1688484642997 0.4637500047683716 324
1688484643410 0.45637500286102295 325
1688484643824 0.461124986410141 326
1688484644310 0.460999995470047 327
1688484644732 0.45274999737739563 328
1688484645152 0.4571250081062317 329
1688484645585 0.45100000500679016 330
1688484646035 0.45637500286102295 331
