1688484507838 0.35517618060112 0
1688484508272 0.12034504860639572 1
1688484508776 0.1174832358956337 2
1688484509237 0.1163572147488594 3
1688484509635 0.1150306835770607 4
1688484510064 0.1144435852766037 5
1688484510491 0.11394206434488297 6
1688484510913 0.11358902603387833 7
1688484511343 0.11337447911500931 8
1688484511790 0.11301956325769424 9
1688484512228 0.11288996040821075 10
1688484512687 0.11265594512224197 11
1688484513127 0.11261335760354996 12
1688484513532 0.11240865290164948 13
1688484513931 0.11219602078199387 14
1688484514333 0.11197282373905182 15
1688484514768 0.11193567514419556 16
1688484515214 0.11160845309495926 17
1688484515652 0.11174634844064713 18
1688484516097 0.11167889833450317 19
1688484516586 0.1116236224770546 20
1688484517031 0.1112971380352974 21
1688484517478 0.11113547533750534 22
1688484517919 0.1109950914978981 23
1688484518330 0.11100924760103226 24
1688484518730 0.11097341775894165 25
1688484519133 0.11096181720495224 26
1688484519536 0.11081051826477051 27
1688484519943 0.11072587221860886 28
1688484520342 0.1107986569404602 29
1688484520756 0.11058316379785538 30
1688484521166 0.11047674715518951 31
1688484521603 0.1103113666176796 32
1688484522030 0.11030583828687668 33
1688484522507 0.1103026494383812 34
1688484522994 0.11021658033132553 35
1688484523429 0.11008099466562271 36
1688484523852 0.11015235632658005 37
1688484524250 0.11000905185937881 38
1688484524643 0.11001525819301605 39
1688484525071 0.10989934951066971 40
1688484525486 0.10976698249578476 41
1688484525904 0.1097823902964592 42
1688484526401 0.1095399484038353 43
1688484526871 0.10961878299713135 44
1688484527342 0.10950344800949097 45
1688484527772 0.1094588190317154 46
1688484528204 0.10931594669818878 47
1688484528630 0.10923898220062256 48
1688484529023 0.10919336974620819 49
1688484529414 0.10916436463594437 50
1688484529805 0.10896462947130203 51
1688484530198 0.10896856337785721 52
1688484530592 0.10887006670236588 53
1688484530987 0.10887175798416138 54
1688484531394 0.1087992936372757 55
1688484531789 0.10874008387327194 56
1688484532180 0.10866817831993103 57
1688484532572 0.10873764753341675 58
1688484532965 0.10862734168767929 59
1688484533371 0.1085539385676384 60
1688484533774 0.1085430234670639 61
1688484534188 0.10845579206943512 62
1688484534582 0.10847075283527374 63
1688484534975 0.10847624391317368 64
1688484535369 0.1083577498793602 65
1688484535759 0.10828561335802078 66
1688484536168 0.10834918171167374 67
1688484536573 0.10825888067483902 68
1688484536983 0.1083807647228241 69
1688484537421 0.10830812901258469 70
1688484537837 0.10820336639881134 71
1688484538273 0.10823675990104675 72
1688484538723 0.10818339139223099 73
1688484539149 0.10810000449419022 74
1688484539557 0.1081075444817543 75
1688484539945 0.10815312713384628 76
1688484540369 0.10802216082811356 77
1688484540761 0.10811831802129745 78
1688484541191 0.1080157607793808 79
1688484541586 0.10802648961544037 80
1688484541980 0.10803951323032379 81
1688484542391 0.10809159278869629 82
1688484542793 0.1079280823469162 83
1688484543211 0.10787160694599152 84
1688484543634 0.10789152979850769 85
1688484544096 0.10783082991838455 86
1688484544533 0.10789945721626282 87
1688484544923 0.10792170464992523 88
1688484545339 0.10787994414567947 89
1688484545779 0.10786725580692291 90
1688484546214 0.10776083916425705 91
1688484546683 0.10776849836111069 92
1688484547122 0.10779551416635513 93
1688484547570 0.10782062262296677 94
1688484547979 0.10774142295122147 95
1688484548392 0.10778884589672089 96
1688484548813 0.10764015465974808 97
1688484549234 0.1078789234161377 98
1688484549660 0.10771234333515167 99
1688484550075 0.10771030187606812 100
1688484550468 0.10772918164730072 101
1688484550865 0.10765226185321808 102
1688484551258 0.10762527585029602 103
1688484551652 0.10766079276800156 104
1688484552052 0.10770458728075027 105
1688484552473 0.10763512551784515 106
1688484552872 0.10764016211032867 107
1688484553269 0.1075405478477478 108
1688484553668 0.10756713896989822 109
1688484554063 0.10758712142705917 110
1688484554463 0.10753326863050461 111
1688484554861 0.1076047345995903 112
1688484555262 0.10760591924190521 113
1688484555666 0.10753913223743439 114
1688484556062 0.10752683877944946 115
1688484556481 0.10758617520332336 116
1688484556878 0.10748667269945145 117
1688484557277 0.10753533989191055 118
1688484557673 0.10748183727264404 119
1688484558073 0.1074143648147583 120
1688484558472 0.10745306313037872 121
1688484558870 0.10755347460508347 122
1688484559265 0.10740835964679718 123
1688484559662 0.10752422362565994 124
1688484560068 0.10740423947572708 125
1688484560471 0.10744266211986542 126
1688484560872 0.10750249773263931 127
1688484561272 0.10743032395839691 128
1688484561672 0.10737375169992447 129
1688484562080 0.10742364823818207 130
1688484562486 0.10746768862009048 131
1688484562885 0.10732778906822205 132
1688484563294 0.10741540044546127 133
1688484563699 0.10732313245534897 134
1688484564102 0.10731659084558487 135
1688484564502 0.10727501660585403 136
1688484564902 0.1073475033044815 137
1688484565303 0.1072760671377182 138
1688484565700 0.1073291227221489 139
1688484566101 0.10732398927211761 140
1688484566501 0.10734549164772034 141
1688484566899 0.10725587606430054 142
1688484567305 0.10724778473377228 143
1688484567699 0.10728758573532104 144
1688484568101 0.10726603865623474 145
1688484568505 0.10720381140708923 146
1688484568901 0.10718980431556702 147
1688484569296 0.10733439028263092 148
1688484569699 0.10721294581890106 149
1688484570102 0.10725150257349014 150
1688484570509 0.10718986392021179 151
1688484570909 0.10728904604911804 152
1688484571310 0.10729508101940155 153
1688484571714 0.10722389072179794 154
1688484572119 0.1072092056274414 155
1688484572545 0.10717789828777313 156
1688484572949 0.1072220504283905 157
1688484573347 0.10715588927268982 158
1688484573743 0.10710425674915314 159
1688484574142 0.10719573497772217 160
1688484574539 0.10715169459581375 161
1688484574939 0.10715353488922119 162
1688484575338 0.10714459419250488 163
1688484575737 0.10715685784816742 164
1688484576137 0.10713204741477966 165
1688484576545 0.10711918026208878 166
1688484576955 0.10708149522542953 167
1688484577356 0.10721452534198761 168
1688484577762 0.10719253867864609 169
1688484578165 0.10704503953456879 170
1688484578564 0.10715683549642563 171
1688484578971 0.10707245767116547 172
1688484579372 0.10714446753263474 173
1688484579773 0.10702641308307648 174
1688484580168 0.10716450959444046 175
1688484580574 0.10707560926675797 176
1688484580974 0.10709591209888458 177
1688484581373 0.10708097368478775 178
1688484581774 0.10707095265388489 179
1688484582178 0.10711166262626648 180
1688484582584 0.10702624171972275 181
1688484582988 0.10704009979963303 182
1688484583389 0.10699893534183502 183
1688484583787 0.10701825469732285 184
1688484584189 0.10702937096357346 185
1688484584588 0.10709584504365921 186
1688484584987 0.10697697103023529 187
1688484585385 0.10701584815979004 188
1688484585788 0.10701993107795715 189
1688484586190 0.1070077195763588 190
1688484586593 0.107009656727314 191
1688484586997 0.10703902691602707 192
1688484587398 0.10697123408317566 193
1688484587798 0.1069822907447815 194
1688484588218 0.10693709552288055 195
1688484588615 0.10705380141735077 196
1688484589013 0.10708297789096832 197
1688484589410 0.10693848878145218 198
1688484589811 0.10696754604578018 199
1688484590214 0.10695206373929977 200
1688484590626 0.10687640309333801 201
1688484591031 0.10701572149991989 202
1688484591432 0.10700725018978119 203
1688484591832 0.10690858215093613 204
1688484592230 0.10692060738801956 205
1688484592630 0.10695400089025497 206
1688484593033 0.10689099878072739 207
1688484593426 0.10699363052845001 208
1688484593829 0.10692423582077026 209
1688484594228 0.10687373578548431 210
1688484594630 0.10686541348695755 211
1688484595033 0.10694319754838943 212
1688484595436 0.10690274834632874 213
1688484595866 0.10690708458423615 214
1688484596282 0.10696396976709366 215
1688484596703 0.1069011464715004 216
1688484597106 0.10686313360929489 217
1688484597515 0.10693559795618057 218
1688484597926 0.10690014064311981 219
1688484598338 0.10685579478740692 220
1688484598745 0.10689146816730499 221
1688484599145 0.10679252445697784 222
1688484599546 0.10688719153404236 223
1688484599966 0.10685301572084427 224
1688484600412 0.10680686682462692 225
1688484600835 0.10688532143831253 226
1688484601238 0.10678231716156006 227
1688484601636 0.10684385150671005 228
1688484602036 0.1068396046757698 229
1688484602435 0.10678355395793915 230
1688484602837 0.10687682032585144 231
1688484603243 0.10680011659860611 232
1688484603646 0.10686518251895905 233
1688484604073 0.10674750059843063 234
1688484604475 0.1068320944905281 235
1688484604881 0.10677313059568405 236
1688484605280 0.10672599822282791 237
1688484605681 0.10684825479984283 238
1688484606094 0.10677682608366013 239
1688484606499 0.10670202225446701 240
1688484606901 0.10676788538694382 241
1688484607303 0.10678263008594513 242
1688484607706 0.10680703073740005 243
1688484608110 0.10678428411483765 244
1688484608511 0.10673674941062927 245
1688484608913 0.10672607272863388 246
1688484609320 0.10675560683012009 247
1688484609728 0.10669668018817902 248
1688484610129 0.10671287029981613 249
1688484610535 0.10676570981740952 250
1688484610945 0.1067313700914383 251
1688484611354 0.10671164840459824 252
1688484611758 0.10676639527082443 253
1688484612169 0.10682166367769241 254
1688484612572 0.10668959468603134 255
1688484613001 0.10665159672498703 256
1688484613408 0.1067824587225914 257
1688484613818 0.10665594041347504 258
1688484614225 0.10670054703950882 259
1688484614633 0.1066739484667778 260
1688484615045 0.10670514404773712 261
1688484615449 0.10661081969738007 262
1688484615853 0.10672497004270554 263
1688484616258 0.10668874531984329 264
1688484616661 0.1067010685801506 265
1688484617070 0.10670720785856247 266
1688484617486 0.10668543726205826 267
1688484617978 0.10670404136180878 268
1688484618528 0.10667311400175095 269
1688484619031 0.10665047913789749 270
1688484619562 0.10671097040176392 271
1688484620285 0.10672011971473694 272
1688484620852 0.10667194426059723 273
1688484621329 0.10672912001609802 274
1688484621798 0.10673844814300537 275
1688484622267 0.10664024949073792 276
1688484622732 0.10663121938705444 277
1688484623175 0.10664799809455872 278
1688484623619 0.10665635019540787 279
1688484624107 0.10666996240615845 280
1688484624535 0.10669100284576416 281
1688484624972 0.10657352209091187 282
1688484625429 0.10661107301712036 283
1688484625920 0.10672257840633392 284
1688484626352 0.10664137452840805 285
1688484626751 0.10656534135341644 286
1688484627192 0.10667956620454788 287
1688484627594 0.10660796612501144 288
1688484628027 0.1065448671579361 289
1688484628443 0.10659567266702652 290
1688484628851 0.1065298467874527 291
1688484629263 0.10665353387594223 292
1688484629673 0.10659240186214447 293
1688484630077 0.10669806599617004 294
1688484630495 0.10664544254541397 295
1688484630909 0.10659356415271759 296
1688484631320 0.10656648129224777 297
1688484631725 0.1065804734826088 298
1688484632132 0.10655095428228378 299
1688484632538 0.10652714222669601 300
1688484632939 0.10662376135587692 301
1688484633344 0.10661312937736511 302
1688484633745 0.10670668631792068 303
1688484634153 0.10656670480966568 304
1688484634563 0.10662736743688583 305
1688484634981 0.10655435919761658 306
1688484635387 0.10651426762342453 307
1688484635803 0.10659777373075485 308
1688484636241 0.10658702999353409 309
1688484636668 0.10662493854761124 310
1688484637104 0.10657824575901031 311
1688484637536 0.10650497674942017 312
1688484637941 0.10660260915756226 313
1688484638378 0.10660340636968613 314
1688484638789 0.10661769658327103 315
1688484639196 0.10649838298559189 316
1688484639617 0.10650794953107834 317
1688484640132 0.10652594268321991 318
1688484640561 0.10651927441358566 319
1688484640983 0.10659509897232056 320
1688484641440 0.10653366893529892 321
1688484641933 0.10655498504638672 322
1688484642568 0.1064472422003746 323
1688484642997 0.10653581470251083 324
1688484643410 0.10650023072957993 325
1688484643824 0.10651009529829025 326
1688484644310 0.10651887953281403 327
1688484644732 0.10649899393320084 328
1688484645152 0.1064891517162323 329
1688484645585 0.10659100115299225 330
1688484646035 0.10657054930925369 331
