1688632354086 0.4807499945163727 0
1688632355249 0.49162501096725464 1
1688632356402 0.5018749833106995 2
1688632357420 0.4932500123977661 3
1688632358529 0.49412500858306885 4
1688632359711 0.4971249997615814 5
1688632360893 0.5012500286102295 6
1688632362039 0.5038750171661377 7
1688632363193 0.49812498688697815 8
1688632364400 0.4987500011920929 9
1688632365696 0.503000020980835 10
1688632366939 0.5086249709129333 11
1688632368062 0.5021250247955322 12
1688632369136 0.5024999976158142 13
1688632370215 0.5009999871253967 14
1688632371307 0.5023750066757202 15
1688632372354 0.5086249709129333 16
1688632373426 0.503250002861023 17
1688632374462 0.5105000138282776 18
1688632375535 0.5042499899864197 19
1688632376607 0.5040000081062317 20
1688632377666 0.5120000243186951 21
1688632378718 0.5083749890327454 22
1688632379756 0.5046250224113464 23
1688632380841 0.503125011920929 24
1688632382046 0.5088750123977661 25
1688632383115 0.5116249918937683 26
1688632384177 0.5082499980926514 27
