1688632354086 0.02758011594414711 0
1688632355249 0.02261396124958992 1
1688632356402 0.022226421162486076 2
1688632357420 0.022083455696702003 3
1688632358529 0.021985581144690514 4
1688632359711 0.02198416367173195 5
1688632360893 0.021829431876540184 6
1688632362039 0.021798724308609962 7
1688632363193 0.02175305411219597 8
1688632364400 0.021653570234775543 9
1688632365696 0.02162167616188526 10
1688632366939 0.02149525098502636 11
1688632368062 0.021611934527754784 12
1688632369136 0.021578354761004448 13
1688632370215 0.021468205377459526 14
1688632371307 0.021419528871774673 15
1688632372354 0.021433617919683456 16
1688632373426 0.02140791155397892 17
1688632374462 0.021445948630571365 18
1688632375535 0.02142341434955597 19
1688632376607 0.021265659481287003 20
1688632377666 0.021333137527108192 21
1688632378718 0.021283963695168495 22
1688632379756 0.021326282992959023 23
1688632380841 0.021241560578346252 24
1688632382046 0.02120550163090229 25
1688632383115 0.02119256928563118 26
1688632384177 0.021247627213597298 27
