1688484282398 0.10100000351667404 0
1688484282734 0.10100000351667404 1
1688484283086 0.10787499696016312 2
1688484283415 0.10625000298023224 3
1688484283755 0.11012499779462814 4
1688484284147 0.12224999815225601 5
1688484284511 0.13824999332427979 6
1688484284844 0.1223749965429306 7
1688484285180 0.12800000607967377 8
1688484285516 0.1276250034570694 9
1688484285846 0.12150000035762787 10
1688484286186 0.11737500131130219 11
1688484286540 0.13600000739097595 12
1688484286873 0.13262499868869781 13
1688484287205 0.11912500113248825 14
1688484287549 0.1407500058412552 15
1688484287900 0.1316249966621399 16
1688484288243 0.12999999523162842 17
1688484288577 0.12862500548362732 18
1688484288889 0.1353749930858612 19
1688484289211 0.12962499260902405 20
1688484289549 0.1263750046491623 21
1688484289889 0.13750000298023224 22
1688484290230 0.11837500333786011 23
1688484290559 0.13950000703334808 24
1688484290900 0.12349999696016312 25
1688484291247 0.15150000154972076 26
1688484291666 0.11887499690055847 27
1688484292017 0.1391250044107437 28
1688484292371 0.1264999955892563 29
1688484292726 0.13199999928474426 30
1688484293073 0.13050000369548798 31
1688484293391 0.13500000536441803 32
1688484293713 0.13199999928474426 33
1688484294034 0.13474999368190765 34
1688484294362 0.13774999976158142 35
1688484294682 0.13300000131130219 36
1688484295166 0.1407500058412552 37
1688484295598 0.12812499701976776 38
1688484295910 0.14749999344348907 39
1688484296228 0.11649999767541885 40
1688484296538 0.14287500083446503 41
1688484296902 0.12950000166893005 42
1688484297215 0.14412499964237213 43
1688484297533 0.13650000095367432 44
1688484297849 0.14562499523162842 45
1688484298162 0.1367499977350235 46
1688484298472 0.13837499916553497 47
1688484298782 0.14362500607967377 48
1688484299093 0.13487499952316284 49
1688484299418 0.13375000655651093 50
1688484299759 0.14637500047683716 51
1688484300081 0.12825000286102295 52
1688484300394 0.1352500021457672 53
1688484300705 0.1263750046491623 54
1688484301013 0.14237500727176666 55
1688484301329 0.1393750011920929 56
1688484301643 0.13337500393390656 57
1688484301970 0.14262500405311584 58
1688484302284 0.13650000095367432 59
1688484302597 0.1315000057220459 60
1688484302911 0.12937499582767487 61
1688484303224 0.14412499964237213 62
1688484303531 0.12737500667572021 63
1688484303847 0.13750000298023224 64
1688484304160 0.13300000131130219 65
1688484304589 0.1368750035762787 66
1688484305015 0.12099999934434891 67
1688484305343 0.13612499833106995 68
1688484305663 0.12937499582767487 69
1688484305994 0.13224999606609344 70
1688484306314 0.13437500596046448 71
1688484306754 0.1341249942779541 72
1688484307158 0.1367499977350235 73
1688484307515 0.13600000739097595 74
1688484307828 0.1262499988079071 75
1688484308133 0.14087499678134918 76
1688484308441 0.12787500023841858 77
1688484308764 0.13862499594688416 78
1688484309095 0.12387499958276749 79
1688484309478 0.15562500059604645 80
1688484309832 0.13187499344348907 81
1688484310146 0.1313749998807907 82
1688484310457 0.12600000202655792 83
1688484310794 0.14387500286102295 84
1688484311103 0.13249999284744263 85
1688484311413 0.13587500154972076 86
1688484311722 0.12800000607967377 87
1688484312032 0.1367499977350235 88
1688484312341 0.13099999725818634 89
1688484312647 0.13449999690055847 90
1688484312957 0.12987500429153442 91
1688484313268 0.13099999725818634 92
1688484313573 0.1277499943971634 93
1688484313881 0.1223749965429306 94
1688484314189 0.13237500190734863 95
1688484314504 0.1316249966621399 96
1688484314820 0.13175000250339508 97
1688484315131 0.13600000739097595 98
1688484315452 0.1274999976158142 99
