1688484282398 0.22862288355827332 0
1688484282734 0.00010978191858157516 1
1688484283086 4.6202527914651625e-10 2
1688484283415 2.3308427410384525e-10 3
1688484283755 4.0748132645873625e-10 4
1688484284147 4.454037416667944e-10 5
1688484284511 6.022589649212762e-10 6
1688484284844 4.140736087343555e-10 7
1688484285180 7.43600292452129e-10 8
1688484285516 6.291895893184574e-10 9
1688484285846 5.773284628141084e-10 10
1688484286186 5.107765876921633e-10 11
1688484286540 1.0085158264061533e-09 12
1688484286873 7.588156214488606e-10 13
1688484287205 7.311379279784092e-10 14
1688484287549 9.022175229134177e-10 15
1688484287900 7.860000428294711e-10 16
1688484288243 7.378589406137337e-10 17
1688484288577 7.925851086554303e-10 18
1688484288889 1.3047988245418196e-09 19
1688484289211 1.2686154349239587e-09 20
1688484289549 7.97156840537383e-10 21
1688484289889 8.081032509821284e-10 22
1688484290230 8.235672699363761e-10 23
1688484290559 8.923691785511778e-10 24
1688484290900 7.424016401635924e-10 25
1688484291247 1.0158641705615423e-09 26
1688484291666 9.482841178964918e-10 27
1688484292017 7.095565801584769e-10 28
1688484292371 8.972765308534747e-10 29
1688484292726 7.596745454918619e-10 30
1688484293073 9.156366775897595e-10 31
1688484293391 8.575120613585341e-10 32
1688484293713 7.184456918274407e-10 33
1688484294034 8.940087559139442e-10 34
1688484294362 8.211587521067543e-10 35
1688484294682 8.47134862258514e-10 36
1688484295166 8.68265848108507e-10 37
1688484295598 8.122909012087121e-10 38
1688484295910 9.379726995106807e-10 39
1688484296228 7.641139387892792e-10 40
1688484296538 8.776591675641043e-10 41
1688484296902 8.539026152831752e-10 42
1688484297215 8.238130733140281e-10 43
1688484297533 8.830277065108305e-10 44
1688484297849 8.542180851556225e-10 45
1688484298162 8.044397370454703e-10 46
1688484298472 9.46770217780113e-10 47
1688484298782 7.51585460534443e-10 48
1688484299093 9.816267798612444e-10 49
1688484299418 7.007682767401491e-10 50
1688484299759 9.364142794510144e-10 51
1688484300081 7.48970718777997e-10 52
1688484300394 9.386879051831443e-10 53
1688484300705 7.605600593763029e-10 54
1688484301013 9.494008912369623e-10 55
1688484301329 7.159731696404492e-10 56
1688484301643 9.81833614410732e-10 57
1688484301970 6.918527972743505e-10 58
1688484302284 9.91246307258109e-10 59
1688484302597 7.105224186787495e-10 60
1688484302911 9.639601339372916e-10 61
1688484303224 7.333593732283816e-10 62
1688484303531 9.521409216617371e-10 63
1688484303847 7.342170205149046e-10 64
1688484304160 9.61829615953036e-10 65
1688484304589 7.111188859987294e-10 66
1688484305015 9.817124890787454e-10 67
1688484305343 7.277717317677457e-10 68
1688484305663 9.358149810623217e-10 69
1688484305994 7.674274549174243e-10 70
1688484306314 9.29861798670828e-10 71
1688484306754 7.80361941732366e-10 72
1688484307158 8.854056376961239e-10 73
1688484307515 7.999510498457596e-10 74
1688484307828 9.037204318218528e-10 75
1688484308133 7.934370938045276e-10 76
1688484308441 8.199347867332563e-10 77
1688484308764 8.92944829189446e-10 78
1688484309095 7.994420681001202e-10 79
1688484309478 9.15477638141482e-10 80
1688484309832 7.773631183205509e-10 81
1688484310146 9.600930050979173e-10 82
1688484310457 6.909068317462186e-10 83
1688484310794 1.0117413573595968e-09 84
1688484311103 7.044473337991519e-10 85
1688484311413 9.591851757306813e-10 86
1688484311722 7.407096602740637e-10 87
1688484312032 9.601464068254018e-10 88
1688484312341 7.287601078154182e-10 89
1688484312647 9.668060796386158e-10 90
1688484312957 7.195016249461617e-10 91
1688484313268 9.91853599252579e-10 92
1688484313573 6.751170178453947e-10 93
1688484313881 9.7653785058327e-10 94
1688484314189 6.961521359372114e-10 95
1688484314504 1.0301055564099215e-09 96
1688484314820 6.816978648238603e-10 97
1688484315131 9.742379125654566e-10 98
1688484315452 7.156860659662811e-10 99
