1688485074732 0.20887500047683716 0
1688485075268 0.250124990940094 1
1688485075822 0.29112499952316284 2
1688485076344 0.3095000088214874 3
1688485076892 0.33137500286102295 4
1688485077417 0.3395000100135803 5
1688485077940 0.3529999852180481 6
1688485078467 0.3628750145435333 7
1688485079017 0.3656249940395355 8
1688485079549 0.37575000524520874 9
1688485080078 0.37825000286102295 10
1688485080606 0.38587498664855957 11
1688485081123 0.3908750116825104 12
1688485081597 0.39899998903274536 13
1688485082092 0.39912500977516174 14
1688485082626 0.40537500381469727 15
1688485083158 0.4087499976158142 16
1688485083692 0.4088749885559082 17
1688485084286 0.4124999940395355 18
1688485084827 0.41725000739097595 19
1688485085360 0.41987499594688416 20
1688485085906 0.41462498903274536 21
1688485086411 0.421999990940094 22
1688485086904 0.4180000126361847 23
1688485087395 0.42512500286102295 24
1688485087880 0.41975000500679016 25
1688485088359 0.4257499873638153 26
1688485088839 0.4255000054836273 27
1688485089321 0.4188750088214874 28
1688485089833 0.4253750145435333 29
1688485090310 0.42500001192092896 30
1688485090787 0.4255000054836273 31
1688485091264 0.4244999885559082 32
1688485091744 0.4258750081062317 33
1688485092221 0.4309999942779541 34
1688485092702 0.4351249933242798 35
1688485093185 0.4255000054836273 36
1688485093664 0.4311249852180481 37
1688485094141 0.43149998784065247 38
1688485094644 0.4332500100135803 39
1688485095157 0.4333750009536743 40
1688485095709 0.43312498927116394 41
1688485096276 0.43562498688697815 42
1688485096828 0.43424999713897705 43
1688485097548 0.43650001287460327 44
1688485098157 0.4351249933242798 45
1688485098698 0.44062501192092896 46
1688485099307 0.4339999854564667 47
1688485099833 0.4363749921321869 48
1688485100324 0.43575000762939453 49
1688485100822 0.437624990940094 50
1688485101420 0.43662500381469727 51
1688485101960 0.437375009059906 52
1688485102453 0.43825000524520874 53
1688485102953 0.43700000643730164 54
1688485103457 0.4338749945163727 55
1688485104003 0.44087499380111694 56
1688485104495 0.43650001287460327 57
1688485104983 0.43812501430511475 58
1688485105477 0.43700000643730164 59
1688485105976 0.4372499883174896 60
1688485106472 0.4358749985694885 61
1688485106970 0.4398750066757202 62
1688485107461 0.4404999911785126 63
1688485107954 0.4399999976158142 64
1688485108444 0.4391250014305115 65
1688485108933 0.43837499618530273 66
1688485109412 0.4404999911785126 67
1688485109892 0.44075000286102295 68
1688485110376 0.44062501192092896 69
1688485110883 0.43812501430511475 70
1688485111368 0.4416249990463257 71
1688485111878 0.44362500309944153 72
1688485112366 0.4410000145435333 73
1688485112847 0.4411250054836273 74
1688485113334 0.44312500953674316 75
1688485113817 0.4391250014305115 76
1688485114306 0.445125013589859 77
1688485114797 0.4403750002384186 78
1688485115287 0.4391250014305115 79
1688485115775 0.43924999237060547 80
1688485116265 0.44487500190734863 81
1688485116748 0.4429999887943268 82
1688485117234 0.4399999976158142 83
1688485117745 0.4402500092983246 84
1688485118257 0.4437499940395355 85
1688485118747 0.445374995470047 86
1688485119261 0.43825000524520874 87
1688485119746 0.44350001215934753 88
1688485120269 0.4404999911785126 89
1688485120757 0.4426249861717224 90
1688485121245 0.4412499964237213 91
1688485121732 0.4412499964237213 92
1688485122222 0.4412499964237213 93
1688485122711 0.44587498903274536 94
1688485123200 0.4437499940395355 95
1688485123689 0.44487500190734863 96
1688485124173 0.4417499899864197 97
1688485124658 0.4413749873638153 98
1688485125144 0.44837498664855957 99
