1688485074732 1.397753119468689 0
1688485075268 0.7997844219207764 1
1688485075822 0.4659452438354492 2
1688485076344 0.28626030683517456 3
1688485076892 0.19463330507278442 4
1688485077417 0.15095677971839905 5
1688485077940 0.13156664371490479 6
1688485078467 0.12341926246881485 7
1688485079017 0.12014579027891159 8
1688485079549 0.11873012036085129 9
1688485080078 0.11794798821210861 10
1688485080606 0.11739733815193176 11
1688485081123 0.11692638695240021 12
1688485081597 0.11657344549894333 13
1688485082092 0.11620630323886871 14
1688485082626 0.11580605059862137 15
1688485083158 0.11546774208545685 16
1688485083692 0.11528041958808899 17
1688485084286 0.11488015204668045 18
1688485084827 0.11468977481126785 19
1688485085360 0.11444243788719177 20
1688485085906 0.11428099125623703 21
1688485086411 0.11404924839735031 22
1688485086904 0.1138746365904808 23
1688485087395 0.11372705549001694 24
1688485087880 0.11359953135251999 25
1688485088359 0.11341775208711624 26
1688485088839 0.11329973489046097 27
1688485089321 0.11312907934188843 28
1688485089833 0.11308390647172928 29
1688485090310 0.11294309049844742 30
1688485090787 0.11284040659666061 31
1688485091264 0.11270931363105774 32
1688485091744 0.11261685937643051 33
1688485092221 0.11255170404911041 34
1688485092702 0.11241067945957184 35
1688485093185 0.11236060410737991 36
1688485093664 0.11222603917121887 37
1688485094141 0.11214783042669296 38
1688485094644 0.1120767667889595 39
1688485095157 0.11198841780424118 40
1688485095709 0.11185472458600998 41
1688485096276 0.11175709217786789 42
1688485096828 0.11178185790777206 43
1688485097548 0.1116405501961708 44
1688485098157 0.11158434301614761 45
1688485098698 0.11150278151035309 46
1688485099307 0.1114790290594101 47
1688485099833 0.11136612296104431 48
1688485100324 0.11130888015031815 49
1688485100822 0.11126969009637833 50
1688485101420 0.11116459220647812 51
1688485101960 0.11106949299573898 52
1688485102453 0.11106034368276596 53
1688485102953 0.11103546619415283 54
1688485103457 0.11091853678226471 55
1688485104003 0.11094736307859421 56
1688485104495 0.11086595803499222 57
1688485104983 0.11080716550350189 58
1688485105477 0.11079385131597519 59
1688485105976 0.11067861318588257 60
1688485106472 0.11072468757629395 61
1688485106970 0.11073195189237595 62
1688485107461 0.11056965589523315 63
1688485107954 0.11058937758207321 64
1688485108444 0.11054011434316635 65
1688485108933 0.11047034710645676 66
1688485109412 0.11039862036705017 67
1688485109892 0.1103997677564621 68
1688485110376 0.11039093136787415 69
1688485110883 0.1103287860751152 70
1688485111368 0.11027877777814865 71
1688485111878 0.11021565645933151 72
1688485112366 0.11020789295434952 73
1688485112847 0.11023900657892227 74
1688485113334 0.11013540625572205 75
1688485113817 0.11015132069587708 76
1688485114306 0.11009719967842102 77
1688485114797 0.11002945899963379 78
1688485115287 0.11004561930894852 79
1688485115775 0.1100495383143425 80
1688485116265 0.10995480418205261 81
1688485116748 0.10990065336227417 82
1688485117234 0.10997528582811356 83
1688485117745 0.10994388908147812 84
1688485118257 0.1098613515496254 85
1688485118747 0.10989222675561905 86
1688485119261 0.1098664328455925 87
1688485119746 0.10982778668403625 88
1688485120269 0.10981973260641098 89
1688485120757 0.1097705140709877 90
1688485121245 0.10974882543087006 91
1688485121732 0.10974544286727905 92
1688485122222 0.1096818745136261 93
1688485122711 0.10973562300205231 94
1688485123200 0.10975194722414017 95
1688485123689 0.10968662798404694 96
1688485124173 0.10966338962316513 97
1688485124658 0.10961110144853592 98
1688485125144 0.10960172861814499 99
