1688634278407 0.46924999356269836 0
1688634280668 0.5047500133514404 1
1688634282785 0.5078750252723694 2
1688634284783 0.5086249709129333 3
1688634286967 0.5040000081062317 4
1688634289148 0.5077499747276306 5
1688634291405 0.5080000162124634 6
1688634293472 0.5081250071525574 7
1688634295490 0.5063750147819519 8
1688634297537 0.5084999799728394 9
1688634299541 0.5073750019073486 10
1688634301629 0.5111250281333923 11
1688634303634 0.5087500214576721 12
1688634305611 0.5072500109672546 13
1688634307656 0.5096250176429749 14
1688634309641 0.5092499852180481 15
1688634311707 0.5116249918937683 16
1688634313706 0.5141249895095825 17
1688634315682 0.5097500085830688 18
1688634317751 0.5081250071525574 19
1688634319736 0.5106250047683716 20
1688634321784 0.5108749866485596 21
1688634323767 0.512624979019165 22
1688634325746 0.5073750019073486 23
1688634327821 0.515500009059906 24
1688634329866 0.5096250176429749 25
1688634331897 0.5115000009536743 26
1688634333904 0.5111250281333923 27
1688634335894 0.5095000267028809 28
1688634337928 0.5093749761581421 29
1688634339899 0.5121250152587891 30
1688634341863 0.5141249895095825 31
1688634343906 0.515999972820282 32
1688634345924 0.515874981880188 33
1688634347974 0.5148749947547913 34
1688634349982 0.5133749842643738 35
1688634352156 0.5121250152587891 36
1688634354512 0.5151249766349792 37
1688634356694 0.512374997138977 38
