1688634278407 0.031063443049788475 0
1688634280668 0.021630888804793358 1
1688634282785 0.021357864141464233 2
1688634284783 0.021231774240732193 3
1688634286967 0.021144546568393707 4
1688634289148 0.02102162502706051 5
1688634291405 0.020988108590245247 6
1688634293472 0.020977165549993515 7
1688634295490 0.020911021158099174 8
1688634297537 0.020860880613327026 9
1688634299541 0.02084929123520851 10
1688634301629 0.020857099443674088 11
1688634303634 0.02079843543469906 12
1688634305611 0.02075337991118431 13
1688634307656 0.02071116864681244 14
1688634309641 0.020742513239383698 15
1688634311707 0.020686538890004158 16
1688634313706 0.020679399371147156 17
1688634315682 0.020666256546974182 18
1688634317751 0.020627524703741074 19
1688634319736 0.020612455904483795 20
1688634321784 0.02058345638215542 21
1688634323767 0.020575430244207382 22
1688634325746 0.020545104518532753 23
1688634327821 0.020573696121573448 24
1688634329866 0.020542914047837257 25
1688634331897 0.02052316628396511 26
1688634333904 0.020477473735809326 27
1688634335894 0.020501811057329178 28
1688634337928 0.020453883334994316 29
1688634339899 0.020458977669477463 30
1688634341863 0.020426355302333832 31
1688634343906 0.020407211035490036 32
1688634345924 0.020414872094988823 33
1688634347974 0.020386209711432457 34
1688634349982 0.020381111651659012 35
1688634352156 0.02037021517753601 36
1688634354512 0.020344581454992294 37
1688634356694 0.020335551351308823 38
