1688633184310 0.43299999833106995 0
1688633186404 0.47837498784065247 1
1688633188573 0.4947499930858612 2
1688633190728 0.492000013589859 3
1688633192903 0.49687498807907104 4
1688633195067 0.5016250014305115 5
1688633197271 0.5062500238418579 6
1688633199203 0.5067499876022339 7
1688633201117 0.5019999742507935 8
1688633203090 0.5042499899864197 9
1688633205045 0.5095000267028809 10
1688633206947 0.5018749833106995 11
1688633208888 0.5071250200271606 12
1688633210805 0.5121250152587891 13
1688633212769 0.5109999775886536 14
1688633214699 0.5137500166893005 15
1688633216576 0.5145000219345093 16
1688633218594 0.5142499804496765 17
1688633220503 0.5171250104904175 18
1688633222411 0.5208749771118164 19
1688633224374 0.5193750262260437 20
1688633226270 0.5221250057220459 21
1688633228270 0.5242499709129333 22
1688633230187 0.5220000147819519 23
1688633232139 0.5253750085830688 24
1688633234134 0.528249979019165 25
1688633236047 0.5297499895095825 26
1688633238004 0.5337499976158142 27
1688633239970 0.5292500257492065 28
1688633241874 0.5292500257492065 29
1688633243854 0.5372499823570251 30
1688633245761 0.5350000262260437 31
1688633247683 0.5338749885559082 32
1688633249726 0.5386250019073486 33
1688633251632 0.5348749756813049 34
1688633253625 0.5452499985694885 35
1688633255543 0.5444999933242798 36
1688633257539 0.5413749814033508 37
1688633259584 0.5407500267028809 38
1688633261496 0.5460000038146973 39
1688633263452 0.5451250076293945 40
1688633265495 0.5452499985694885 41
