1688633184310 0.030881542712450027 0
1688633186404 0.02349516749382019 1
1688633188573 0.022914616391062737 2
1688633190728 0.022303307428956032 3
1688633192903 0.0220419242978096 4
1688633195067 0.021840645000338554 5
1688633197271 0.021626517176628113 6
1688633199203 0.02155171148478985 7
1688633201117 0.02148178219795227 8
1688633203090 0.021266859024763107 9
1688633205045 0.02125520259141922 10
1688633206947 0.021140025928616524 11
1688633208888 0.020999159663915634 12
1688633210805 0.020970743149518967 13
1688633212769 0.020875457674264908 14
1688633214699 0.02079349011182785 15
1688633216576 0.020758021622896194 16
1688633218594 0.020670495927333832 17
1688633220503 0.02059340290725231 18
1688633222411 0.020463114604353905 19
1688633224374 0.020391879603266716 20
1688633226270 0.020299918949604034 21
1688633228270 0.020206425338983536 22
1688633230187 0.020175114274024963 23
1688633232139 0.020080963149666786 24
1688633234134 0.01995270512998104 25
1688633236047 0.01997707225382328 26
1688633238004 0.019854379817843437 27
1688633239970 0.01977742835879326 28
1688633241874 0.019740499556064606 29
1688633243854 0.01960035413503647 30
1688633245761 0.01954055018723011 31
1688633247683 0.019436458125710487 32
1688633249726 0.01939225010573864 33
1688633251632 0.019305242225527763 34
1688633253625 0.01922965608537197 35
1688633255543 0.01913496106863022 36
1688633257539 0.01905984804034233 37
1688633259584 0.018977893516421318 38
1688633261496 0.018931595608592033 39
1688633263452 0.018786601722240448 40
1688633265495 0.018713656812906265 41
