1688485206023 0.25587499141693115 0
1688485206371 0.2862499952316284 1
1688485206720 0.30550000071525574 2
1688485207063 0.31825000047683716 3
1688485207466 0.3362500071525574 4
1688485207802 0.3467499911785126 5
1688485208146 0.34987500309944153 6
1688485208473 0.3553749918937683 7
1688485208808 0.3568750023841858 8
1688485209141 0.3607499897480011 9
1688485209494 0.3644999861717224 10
1688485209821 0.3723750114440918 11
1688485210177 0.37275001406669617 12
1688485210516 0.3801249861717224 13
1688485210854 0.38475000858306885 14
1688485211194 0.3947499990463257 15
1688485211551 0.39675000309944153 16
1688485211890 0.40299999713897705 17
1688485212245 0.40662500262260437 18
1688485212588 0.4126250147819519 19
1688485212886 0.4115000069141388 20
1688485213207 0.421999990940094 21
1688485213506 0.42287498712539673 22
1688485213856 0.42925000190734863 23
1688485214194 0.4322499930858612 24
1688485214536 0.43674999475479126 25
1688485214876 0.43825000524520874 26
1688485215215 0.4401249885559082 27
1688485215562 0.445125013589859 28
1688485215964 0.44624999165534973 29
1688485216301 0.4496249854564667 30
1688485216646 0.45249998569488525 31
1688485216981 0.45399999618530273 32
1688485217321 0.4572499990463257 33
1688485217652 0.4620000123977661 34
1688485217982 0.46274998784065247 35
1688485218285 0.46812498569488525 36
1688485218587 0.4650000035762787 37
1688485218897 0.46812498569488525 38
1688485219198 0.4675000011920929 39
1688485219498 0.47337499260902405 40
1688485219794 0.47212499380111694 41
1688485220097 0.47200000286102295 42
1688485220392 0.47325000166893005 43
1688485220697 0.47450000047683716 44
1688485220994 0.4728749990463257 45
1688485221297 0.47437500953674316 46
1688485221601 0.4778749942779541 47
1688485221899 0.47450000047683716 48
1688485222199 0.4777500033378601 49
1688485222497 0.47600001096725464 50
1688485222796 0.47862499952316284 51
1688485223096 0.4806250035762787 52
1688485223394 0.4807499945163727 53
1688485223711 0.47874999046325684 54
1688485224011 0.48112499713897705 55
1688485224308 0.48374998569488525 56
1688485224606 0.48387500643730164 57
1688485224908 0.4869999885559082 58
1688485225210 0.48374998569488525 59
1688485225512 0.48487499356269836 60
1688485225810 0.48487499356269836 61
1688485226115 0.4880000054836273 62
1688485226414 0.4908750057220459 63
1688485226717 0.48899999260902405 64
1688485227017 0.4933750033378601 65
1688485227314 0.49012500047683716 66
1688485227617 0.49262499809265137 67
1688485227915 0.4932500123977661 68
1688485228215 0.49125000834465027 69
1688485228512 0.49162501096725464 70
1688485228810 0.49524998664855957 71
1688485229113 0.4973750114440918 72
1688485229417 0.49562498927116394 73
1688485229720 0.4975000023841858 74
1688485230019 0.49825000762939453 75
1688485230322 0.5006250143051147 76
1688485230621 0.5019999742507935 77
1688485230921 0.499875009059906 78
1688485231220 0.4997499883174896 79
1688485231520 0.503000020980835 80
1688485231825 0.5027499794960022 81
1688485232127 0.503250002861023 82
1688485232446 0.5024999976158142 83
1688485232754 0.5028749704360962 84
1688485233063 0.5036249756813049 85
1688485233381 0.5022500157356262 86
1688485233686 0.5061249732971191 87
1688485233999 0.5027499794960022 88
1688485234300 0.5047500133514404 89
1688485234615 0.5062500238418579 90
1688485234936 0.5022500157356262 91
1688485235240 0.5018749833106995 92
1688485235556 0.5044999718666077 93
1688485235865 0.5049999952316284 94
1688485236235 0.5061249732971191 95
1688485236665 0.5071250200271606 96
1688485237022 0.5072500109672546 97
1688485237514 0.5117499828338623 98
1688485237991 0.5044999718666077 99
