1688485206023 0.24217893183231354 0
1688485206371 0.20600786805152893 1
1688485206720 0.18034370243549347 2
1688485207063 0.16208161413669586 3
1688485207466 0.1493808776140213 4
1688485207802 0.14078865945339203 5
1688485208146 0.13508842885494232 6
1688485208473 0.1313813030719757 7
1688485208808 0.12907227873802185 8
1688485209141 0.12762540578842163 9
1688485209494 0.1266944259405136 10
1688485209821 0.12608091533184052 11
1688485210177 0.12565477192401886 12
1688485210516 0.1253177523612976 13
1688485210854 0.1250217705965042 14
1688485211194 0.12474089115858078 15
1688485211551 0.1244608461856842 16
1688485211890 0.12418544292449951 17
1688485212245 0.12390581518411636 18
1688485212588 0.12360791116952896 19
1688485212886 0.12332814186811447 20
1688485213207 0.12305210530757904 21
1688485213506 0.12277021259069443 22
1688485213856 0.12248934805393219 23
1688485214194 0.12222220003604889 24
1688485214536 0.12194792181253433 25
1688485214876 0.12167948484420776 26
1688485215215 0.12141474336385727 27
1688485215562 0.12116120010614395 28
1688485215964 0.12090267986059189 29
1688485216301 0.12064816802740097 30
1688485216646 0.12040974199771881 31
1688485216981 0.12016183137893677 32
1688485217321 0.11991623789072037 33
1688485217652 0.1196804940700531 34
1688485217982 0.11943910270929337 35
1688485218285 0.1192040890455246 36
1688485218587 0.11898233741521835 37
1688485218897 0.11875700205564499 38
1688485219198 0.11855174601078033 39
1688485219498 0.11833581328392029 40
1688485219794 0.11813389509916306 41
1688485220097 0.11792712658643723 42
1688485220392 0.11774314939975739 43
1688485220697 0.1175265833735466 44
1688485220994 0.11734912544488907 45
1688485221297 0.11715666949748993 46
1688485221601 0.11697578430175781 47
1688485221899 0.11678846925497055 48
1688485222199 0.11662965267896652 49
1688485222497 0.11645198613405228 50
1688485222796 0.11627623438835144 51
1688485223096 0.1161077693104744 52
1688485223394 0.11594809591770172 53
1688485223711 0.11579606682062149 54
1688485224011 0.11562743037939072 55
1688485224308 0.11547722667455673 56
1688485224606 0.11532491445541382 57
1688485224908 0.11517171561717987 58
1688485225210 0.1150171235203743 59
1688485225512 0.11488105356693268 60
1688485225810 0.11473037302494049 61
1688485226115 0.11459603160619736 62
1688485226414 0.11446922272443771 63
1688485226717 0.11432376503944397 64
1688485227017 0.11421891301870346 65
1688485227314 0.11407699435949326 66
1688485227617 0.11394938826560974 67
1688485227915 0.11383698880672455 68
1688485228215 0.11371535807847977 69
1688485228512 0.11360685527324677 70
1688485228810 0.11348909139633179 71
1688485229113 0.11337047815322876 72
1688485229417 0.11326610296964645 73
1688485229720 0.11316227167844772 74
1688485230019 0.11305094510316849 75
1688485230322 0.11294791102409363 76
1688485230621 0.11284775286912918 77
1688485230921 0.11274877190589905 78
1688485231220 0.1126793622970581 79
1688485231520 0.11256717890501022 80
1688485231825 0.11247248202562332 81
1688485232127 0.11239052563905716 82
1688485232446 0.11229217052459717 83
1688485232754 0.11221660673618317 84
1688485233063 0.11212683469057083 85
1688485233381 0.1120453029870987 86
1688485233686 0.11195704340934753 87
1688485233999 0.11188776791095734 88
1688485234300 0.11180999130010605 89
1688485234615 0.11172784864902496 90
1688485234936 0.11165910959243774 91
1688485235240 0.11158327758312225 92
1688485235556 0.11151991784572601 93
1688485235865 0.1114555075764656 94
1688485236235 0.11139149218797684 95
1688485236665 0.11130829155445099 96
1688485237022 0.11123766750097275 97
1688485237514 0.11117598414421082 98
1688485237991 0.11111810803413391 99
