1688633847505 0.4894999861717224 0
1688633849377 0.4946250021457672 1
1688633851195 0.5047500133514404 2
1688633853053 0.5066249966621399 3
1688633855034 0.5028749704360962 4
1688633856898 0.5026249885559082 5
1688633858779 0.5095000267028809 6
1688633860740 0.5088750123977661 7
1688633862485 0.5142499804496765 8
1688633864351 0.515874981880188 9
1688633866311 0.5065000057220459 10
1688633868233 0.5134999752044678 11
1688633870083 0.5146250128746033 12
1688633871975 0.5183749794960022 13
1688633873715 0.5214999914169312 14
1688633875449 0.5199999809265137 15
1688633877213 0.518750011920929 16
1688633878938 0.5206249952316284 17
1688633880722 0.5243750214576721 18
1688633882483 0.5245000123977661 19
1688633884200 0.5273749828338623 20
1688633885976 0.5268750190734863 21
1688633887706 0.531624972820282 22
1688633889435 0.534375011920929 23
1688633891252 0.534375011920929 24
1688633893000 0.5402500033378601 25
1688633894737 0.5353749990463257 26
1688633896553 0.5382500290870667 27
1688633898276 0.5462499856948853 28
1688633900004 0.5418750047683716 29
1688633901794 0.5508750081062317 30
1688633903517 0.5506250262260437 31
1688633905227 0.5476250052452087 32
1688633907008 0.5482500195503235 33
1688633908730 0.5502499938011169 34
1688633910495 0.5569999814033508 35
1688633912317 0.5569999814033508 36
1688633914091 0.5572500228881836 37
1688633915820 0.5568749904632568 38
1688633917654 0.5652499794960022 39
1688633919384 0.5634999871253967 40
1688633921135 0.5677499771118164 41
1688633922959 0.5716249942779541 42
1688633924739 0.5734999775886536 43
1688633926478 0.5761250257492065 44
1688633928372 0.578499972820282 45
1688633930112 0.5756250023841858 46
1688633931918 0.5802500247955322 47
1688633933742 0.5891249775886536 48
1688633935559 0.5843750238418579 49
1688633937307 0.5885000228881836 50
1688633939155 0.5910000205039978 51
1688633940891 0.596750020980835 52
1688633942726 0.5927500128746033 53
1688633944489 0.5981249809265137 54
1688633946291 0.5979999899864197 55
1688633948098 0.6029999852180481 56
1688633949906 0.6050000190734863 57
1688633951631 0.6103749871253967 58
1688633953512 0.6118749976158142 59
1688633955289 0.6168749928474426 60
1688633957048 0.6197500228881836 61
1688633958922 0.6259999871253967 62
1688633960658 0.6203749775886536 63
1688633962461 0.6287500262260437 64
1688633964286 0.6265000104904175 65
1688633966092 0.6323750019073486 66
1688633967836 0.6302499771118164 67
1688633969725 0.6366249918937683 68
1688633971460 0.6384999752044678 69
1688633973263 0.6392499804496765 70
1688633975092 0.6417499780654907 71
1688633976903 0.637624979019165 72
1688633978669 0.6453750133514404 73
1688633980580 0.6507499814033508 74
1688633982790 0.6510000228881836 75
1688633984785 0.6551250219345093 76
1688633986567 0.6577500104904175 77
1688633988675 0.6596249938011169 78
1688633990600 0.6568750143051147 79
1688633992671 0.6604999899864197 80
1688633994574 0.6611250042915344 81
1688633996597 0.6578750014305115 82
1688633998408 0.6673750281333923 83
1688634000209 0.6707500219345093 84
1688634002050 0.6707500219345093 85
1688634003837 0.6693750023841858 86
1688634005590 0.6736249923706055 87
1688634007474 0.6737499833106995 88
1688634009222 0.6788750290870667 89
1688634011043 0.6825000047683716 90
1688634012905 0.6826249957084656 91
1688634014695 0.6772500276565552 92
1688634016492 0.6857500076293945 93
1688634018341 0.6891250014305115 94
1688634020141 0.6886249780654907 95
1688634021886 0.6898750066757202 96
1688634023757 0.6984999775886536 97
1688634025501 0.7009999752044678 98
1688634027292 0.6933749914169312 99
