1688633847505 0.024502500891685486 0
1688633849377 0.021607374772429466 1
1688633851195 0.02136760950088501 2
1688633853053 0.021183623000979424 3
1688633855034 0.021112482994794846 4
1688633856898 0.021080300211906433 5
1688633858779 0.020948147401213646 6
1688633860740 0.02090737596154213 7
1688633862485 0.020811574533581734 8
1688633864351 0.020701900124549866 9
1688633866311 0.02060074172914028 10
1688633868233 0.02060920186340809 11
1688633870083 0.020491180941462517 12
1688633871975 0.020421523600816727 13
1688633873715 0.020372699946165085 14
1688633875449 0.020266639068722725 15
1688633877213 0.020192410796880722 16
1688633878938 0.02013525925576687 17
1688633880722 0.02006843499839306 18
1688633882483 0.019942836835980415 19
1688633884200 0.019866235554218292 20
1688633885976 0.01981194131076336 21
1688633887706 0.019771544262766838 22
1688633889435 0.01965620182454586 23
1688633891252 0.019553417339920998 24
1688633893000 0.019456656649708748 25
1688633894737 0.019328465685248375 26
1688633896553 0.019294913858175278 27
1688633898276 0.019140619784593582 28
1688633900004 0.019093599170446396 29
1688633901794 0.018973354250192642 30
1688633903517 0.01885817013680935 31
1688633905227 0.018718082457780838 32
1688633907008 0.01862039603292942 33
1688633908730 0.018517330288887024 34
1688633910495 0.018398601561784744 35
1688633912317 0.018242383375763893 36
1688633914091 0.018153337761759758 37
1688633915820 0.018017519265413284 38
1688633917654 0.017906973138451576 39
1688633919384 0.01776813715696335 40
1688633921135 0.017646094784140587 41
1688633922959 0.017512504011392593 42
1688633924739 0.017411483451724052 43
1688633926478 0.017208613455295563 44
1688633928372 0.0171709842979908 45
1688633930112 0.01698918454349041 46
1688633931918 0.01691124401986599 47
1688633933742 0.016742512583732605 48
1688633935559 0.016644591465592384 49
1688633937307 0.01648528315126896 50
1688633939155 0.01636502705514431 51
1688633940891 0.01620534248650074 52
1688633942726 0.016089599579572678 53
1688633944489 0.015956096351146698 54
1688633946291 0.015834523364901543 55
1688633948098 0.015713846310973167 56
1688633949906 0.015535704791545868 57
1688633951631 0.015418577007949352 58
1688633953512 0.015290138311684132 59
1688633955289 0.015119476243853569 60
1688633957048 0.015023000538349152 61
1688633958922 0.014866745099425316 62
1688633960658 0.014744212850928307 63
1688633962461 0.014602540992200375 64
1688633964286 0.014479687437415123 65
1688633966092 0.014292069710791111 66
1688633967836 0.014188745990395546 67
1688633969725 0.014056386426091194 68
1688633971460 0.013960943557322025 69
1688633973263 0.013857748359441757 70
1688633975092 0.013710095547139645 71
1688633976903 0.013568919152021408 72
1688633978669 0.013445145450532436 73
1688633980580 0.013349074870347977 74
1688633982790 0.013181444257497787 75
1688633984785 0.013043076731264591 76
1688633986567 0.012984479777514935 77
1688633988675 0.012851103208959103 78
1688633990600 0.012754157185554504 79
1688633992671 0.01259459275752306 80
1688633994574 0.01251184195280075 81
1688633996597 0.012376060709357262 82
1688633998408 0.0122279217466712 83
1688634000209 0.012186910025775433 84
1688634002050 0.012058324180543423 85
1688634003837 0.011956383474171162 86
1688634005590 0.011853965930640697 87
1688634007474 0.011736156418919563 88
1688634009222 0.011649927124381065 89
1688634011043 0.011495784856379032 90
1688634012905 0.011445628479123116 91
1688634014695 0.011364670470356941 92
1688634016492 0.011252268217504025 93
1688634018341 0.011151830665767193 94
1688634020141 0.011029122397303581 95
1688634021886 0.010995865799486637 96
1688634023757 0.010809788480401039 97
1688634025501 0.010791748762130737 98
1688634027292 0.010728941299021244 99
