1688632434159 0.4855000078678131 0
1688632435272 0.5072500109672546 1
1688632436411 0.5019999742507935 2
1688632437487 0.5036249756813049 3
1688632438694 0.49912500381469727 4
1688632439978 0.5061249732971191 5
1688632441434 0.4997499883174896 6
1688632442885 0.5028749704360962 7
1688632444003 0.5052499771118164 8
1688632445186 0.4997499883174896 9
1688632446321 0.5059999823570251 10
1688632447591 0.5084999799728394 11
1688632448753 0.503000020980835 12
1688632450022 0.5033749938011169 13
1688632451175 0.5063750147819519 14
1688632452368 0.5088750123977661 15
1688632453452 0.5097500085830688 16
1688632454547 0.5101249814033508 17
1688632455643 0.5096250176429749 18
1688632456762 0.5107499957084656 19
1688632457845 0.5146250128746033 20
1688632459005 0.5061249732971191 21
1688632460109 0.5136250257492065 22
1688632461184 0.5109999775886536 23
1688632462207 0.5127500295639038 24
1688632463222 0.5145000219345093 25
1688632464229 0.5141249895095825 26
1688632465264 0.5131250023841858 27
1688632466324 0.515749990940094 28
1688632467422 0.5112500190734863 29
1688632468512 0.5095000267028809 30
1688632469603 0.5162500143051147 31
1688632470668 0.515749990940094 32
1688632471789 0.5116249918937683 33
1688632472867 0.5170000195503235 34
1688632474036 0.512374997138977 35
1688632475089 0.5197499990463257 36
1688632476137 0.5180000066757202 37
1688632477175 0.5203750133514404 38
1688632478251 0.5183749794960022 39
1688632479324 0.5171250104904175 40
1688632480348 0.5172500014305115 41
1688632481396 0.518625020980835 42
1688632482488 0.518625020980835 43
