1688632434159 0.02662518620491028 0
1688632435272 0.02185020036995411 1
1688632436411 0.02167575992643833 2
1688632437487 0.02153315208852291 3
1688632438694 0.021384859457612038 4
1688632439978 0.02127249352633953 5
1688632441434 0.02127746306359768 6
1688632442885 0.021180227398872375 7
1688632444003 0.021189123392105103 8
1688632445186 0.021125979721546173 9
1688632446321 0.02109495922923088 10
1688632447591 0.020982852205634117 11
1688632448753 0.02102053351700306 12
1688632450022 0.02098008804023266 13
1688632451175 0.02096603251993656 14
1688632452368 0.0209127776324749 15
1688632453452 0.020871024578809738 16
1688632454547 0.02083124779164791 17
1688632455643 0.0207897387444973 18
1688632456762 0.02081276662647724 19
1688632457845 0.02072967030107975 20
1688632459005 0.02070784941315651 21
1688632460109 0.020699696615338326 22
1688632461184 0.020690923556685448 23
1688632462207 0.020664162933826447 24
1688632463222 0.020623253658413887 25
1688632464229 0.020608296617865562 26
1688632465264 0.0205952450633049 27
1688632466324 0.020550455898046494 28
1688632467422 0.02054356224834919 29
1688632468512 0.02049996703863144 30
1688632469603 0.020461630076169968 31
1688632470668 0.020449567586183548 32
1688632471789 0.020407317206263542 33
1688632472867 0.020397938787937164 34
1688632474036 0.020381812006235123 35
1688632475089 0.02034701220691204 36
1688632476137 0.020305747166275978 37
1688632477175 0.02030128799378872 38
1688632478251 0.020291509106755257 39
1688632479324 0.020283788442611694 40
1688632480348 0.020241038873791695 41
1688632481396 0.020199967548251152 42
1688632482488 0.020220967009663582 43
