1688632394844 0.47725000977516174 0
1688632396004 0.4958750009536743 1
1688632397181 0.49300000071525574 2
1688632398241 0.49937498569488525 3
1688632399341 0.49312499165534973 4
1688632400516 0.49687498807907104 5
1688632401723 0.5015000104904175 6
1688632402872 0.4983749985694885 7
1688632404010 0.5051249861717224 8
1688632405158 0.5044999718666077 9
1688632406334 0.5021250247955322 10
1688632407495 0.5070000290870667 11
1688632408569 0.5047500133514404 12
1688632409681 0.5057500004768372 13
1688632410858 0.5107499957084656 14
1688632412085 0.49962499737739563 15
1688632413269 0.5042499899864197 16
1688632414409 0.5088750123977661 17
1688632415476 0.5062500238418579 18
1688632416636 0.5115000009536743 19
1688632417771 0.5056250095367432 20
