1688632394844 0.027756361290812492 0
1688632396004 0.022543376311659813 1
1688632397181 0.022290697321295738 2
1688632398241 0.02206118032336235 3
1688632399341 0.021992700174450874 4
1688632400516 0.021939024329185486 5
1688632401723 0.021820325404405594 6
1688632402872 0.02167719602584839 7
1688632404010 0.021755386143922806 8
1688632405158 0.021692825481295586 9
1688632406334 0.02155209891498089 10
1688632407495 0.021455800160765648 11
1688632408569 0.021578865125775337 12
1688632409681 0.02151242271065712 13
1688632410858 0.021395280957221985 14
1688632412085 0.021434040740132332 15
1688632413269 0.021373802796006203 16
1688632414409 0.02138465829193592 17
1688632415476 0.021295884624123573 18
1688632416636 0.02129276469349861 19
1688632417771 0.02133186347782612 20
