1688634477475 0.4857499897480011 0
1688634479646 0.5015000104904175 1
1688634481744 0.5053750276565552 2
1688634483931 0.4997499883174896 3
1688634486251 0.503250002861023 4
1688634488431 0.5019999742507935 5
1688634490751 0.5093749761581421 6
1688634492973 0.515250027179718 7
1688634495131 0.5131250023841858 8
1688634497354 0.5098749995231628 9
1688634499597 0.5134999752044678 10
1688634501913 0.518750011920929 11
1688634503926 0.5168750286102295 12
1688634506016 0.515375018119812 13
1688634508020 0.5195000171661377 14
1688634510061 0.5245000123977661 15
1688634512296 0.5245000123977661 16
1688634514677 0.5254999995231628 17
1688634516847 0.5273749828338623 18
1688634519043 0.5266249775886536 19
1688634521275 0.5362499952316284 20
1688634523384 0.5297499895095825 21
1688634525533 0.5368750095367432 22
1688634528505 0.5373749732971191 23
1688634530836 0.5368750095367432 24
1688634532836 0.5414999723434448 25
1688634534905 0.5402500033378601 26
1688634537395 0.5454999804496765 27
1688634539563 0.5533750057220459 28
1688634541908 0.5544999837875366 29
1688634544023 0.5582500100135803 30
1688634546319 0.562125027179718 31
1688634548446 0.5602499842643738 32
1688634550832 0.5681250095367432 33
1688634553220 0.5712500214576721 34
1688634555453 0.578125 35
1688634557608 0.5764999985694885 36
1688634559625 0.5891249775886536 37
1688634561800 0.5856249928474426 38
1688634563852 0.5922499895095825 39
1688634565859 0.5950000286102295 40
1688634568024 0.5976250171661377 41
1688634570076 0.6036249995231628 42
1688634572194 0.6028749942779541 43
1688634574235 0.6106250286102295 44
1688634576238 0.6107500195503235 45
1688634578393 0.6162499785423279 46
1688634580438 0.6176249980926514 47
1688634582560 0.6193749904632568 48
1688634584649 0.6292499899864197 49
1688634586683 0.6332499980926514 50
1688634588974 0.6371250152587891 51
1688634591452 0.6393749713897705 52
1688634593805 0.6451249718666077 53
1688634596100 0.6486250162124634 54
1688634598418 0.653124988079071 55
1688634600643 0.6588749885559082 56
1688634602892 0.6607499718666077 57
1688634605288 0.6647499799728394 58
1688634607610 0.6666250228881836 59
1688634609737 0.6723750233650208 60
1688634611845 0.6753749847412109 61
1688634614071 0.6783750057220459 62
1688634616463 0.6754999756813049 63
1688634618892 0.6790000200271606 64
1688634621054 0.6861249804496765 65
1688634623236 0.6869999766349792 66
1688634625569 0.6884999871253967 67
1688634627768 0.6951249837875366 68
1688634629930 0.7018749713897705 69
1688634632169 0.7085000276565552 70
1688634634497 0.6986250281333923 71
1688634636753 0.7114999890327454 72
1688634639154 0.7139999866485596 73
1688634641393 0.7176250219345093 74
1688634643531 0.718999981880188 75
1688634645858 0.7206249833106995 76
1688634648060 0.7285000085830688 77
1688634650268 0.7246249914169312 78
1688634652431 0.7308750152587891 79
1688634654512 0.7283750176429749 80
1688634656718 0.7367500066757202 81
1688634658889 0.7397500276565552 82
1688634661101 0.737625002861023 83
1688634663167 0.7431250214576721 84
1688634665388 0.7403749823570251 85
1688634667500 0.7450000047683716 86
1688634669627 0.746749997138977 87
1688634671845 0.7492499947547913 88
1688634673925 0.7484999895095825 89
1688634676052 0.7572500109672546 90
1688634678098 0.7536249756813049 91
1688634680155 0.7508749961853027 92
1688634682428 0.7613750100135803 93
1688634684713 0.7583749890327454 94
1688634687147 0.765250027179718 95
1688634689301 0.7671250104904175 96
1688634691694 0.7731249928474426 97
1688634693947 0.7662500143051147 98
1688634696393 0.7722499966621399 99
