1688634477475 0.024500839412212372 0
1688634479646 0.0217351783066988 1
1688634481744 0.02149634063243866 2
1688634483931 0.021318627521395683 3
1688634486251 0.021197829395532608 4
1688634488431 0.02105964720249176 5
1688634490751 0.020985031500458717 6
1688634492973 0.02087666094303131 7
1688634495131 0.02077965810894966 8
1688634497354 0.020737146958708763 9
1688634499597 0.020641623064875603 10
1688634501913 0.020535437390208244 11
1688634503926 0.0204978808760643 12
1688634506016 0.020400183275341988 13
1688634508020 0.020307673141360283 14
1688634510061 0.020169589668512344 15
1688634512296 0.02009766176342964 16
1688634514677 0.01998487114906311 17
1688634516847 0.01989700086414814 18
1688634519043 0.019738726317882538 19
1688634521275 0.01960337534546852 20
1688634523384 0.019507722929120064 21
1688634525533 0.019385866820812225 22
1688634528505 0.019219303503632545 23
1688634530836 0.019080322235822678 24
1688634532836 0.018988769501447678 25
1688634534905 0.018821515142917633 26
1688634537395 0.018686940893530846 27
1688634539563 0.01853066496551037 28
1688634541908 0.018356863409280777 29
1688634544023 0.018186436966061592 30
1688634546319 0.01799544133245945 31
1688634548446 0.017817040905356407 32
1688634550832 0.017641237005591393 33
1688634553220 0.017401618883013725 34
1688634555453 0.017215901985764503 35
1688634557608 0.01709822565317154 36
1688634559625 0.01682993583381176 37
1688634561800 0.016661930829286575 38
1688634563852 0.01643204875290394 39
1688634565859 0.016231901943683624 40
1688634568024 0.016019340604543686 41
1688634570076 0.015752362087368965 42
1688634572194 0.015584062784910202 43
1688634574235 0.015321250073611736 44
1688634576238 0.015075549483299255 45
1688634578393 0.014892268925905228 46
1688634580438 0.014684741385281086 47
1688634582560 0.014483076520264149 48
1688634584649 0.014243206940591335 49
1688634586683 0.014020145870745182 50
1688634588974 0.01378889475017786 51
1688634591452 0.01356450840830803 52
1688634593805 0.013362959958612919 53
1688634596100 0.01314850989729166 54
1688634598418 0.01294076256453991 55
1688634600643 0.012797295115888119 56
1688634602892 0.012518594041466713 57
1688634605288 0.012347061187028885 58
1688634607610 0.01214929111301899 59
1688634609737 0.011944356374442577 60
1688634611845 0.011777292937040329 61
1688634614071 0.011577028781175613 62
1688634616463 0.011379124596714973 63
1688634618892 0.011227313429117203 64
1688634621054 0.01100656483322382 65
1688634623236 0.010835938155651093 66
1688634625569 0.010665176436305046 67
1688634627768 0.010513423942029476 68
1688634629930 0.010352859273552895 69
1688634632169 0.010189538821578026 70
1688634634497 0.010021470487117767 71
1688634636753 0.009889998473227024 72
1688634639154 0.009693309664726257 73
1688634641393 0.009576192125678062 74
1688634643531 0.00939952302724123 75
1688634645858 0.009248807094991207 76
1688634648060 0.009109088219702244 77
1688634650268 0.008974708616733551 78
1688634652431 0.008836683817207813 79
1688634654512 0.00873721856623888 80
1688634656718 0.008645601570606232 81
1688634658889 0.008485251106321812 82
1688634661101 0.008354390040040016 83
1688634663167 0.008198762312531471 84
1688634665388 0.008122284896671772 85
1688634667500 0.00797014869749546 86
1688634669627 0.007863551378250122 87
1688634671845 0.007769383490085602 88
1688634673925 0.007699016481637955 89
1688634676052 0.00750929769128561 90
1688634678098 0.007443905808031559 91
1688634680155 0.007338081020861864 92
1688634682428 0.007274931762367487 93
1688634684713 0.007150248624384403 94
1688634687147 0.007173202466219664 95
1688634689301 0.006877658888697624 96
1688634691694 0.006866128649562597 97
1688634693947 0.006808948237448931 98
1688634696393 0.006691201124340296 99
