1688570440770 0.21512499451637268 0
1688570442557 0.22325000166893005 1
1688570444109 0.2731249928474426 2
1688570445714 0.2783749997615814 3
1688570447260 0.28949999809265137 4
1688570448635 0.29737499356269836 5
1688570450044 0.29887500405311584 6
1688570451428 0.304749995470047 7
1688570452729 0.30924999713897705 8
1688570453944 0.3127500116825104 9
1688570455142 0.32637500762939453 10
1688570456345 0.33524999022483826 11
1688570457551 0.3501250147819519 12
1688570458767 0.3622500002384186 13
1688570459957 0.36537501215934753 14
1688570461170 0.37325000762939453 15
1688570462384 0.37962499260902405 16
1688570463591 0.3798750042915344 17
1688570464787 0.3851250112056732 18
1688570465996 0.38837501406669617 19
1688570467192 0.3889999985694885 20
1688570468396 0.3903749883174896 21
1688570469614 0.39537501335144043 22
1688570470811 0.39800000190734863 23
1688570472007 0.3995000123977661 24
1688570473207 0.3971250057220459 25
1688570474403 0.4023750126361847 26
1688570475614 0.40012499690055847 27
1688570476810 0.40174999833106995 28
1688570478010 0.40287500619888306 29
1688570479221 0.4027499854564667 30
1688570480418 0.40950000286102295 31
1688570481615 0.4047499895095825 32
1688570482825 0.406125009059906 33
1688570484015 0.4047499895095825 34
1688570485212 0.4124999940395355 35
1688570486417 0.40937501192092896 36
1688570487632 0.4103749990463257 37
1688570488838 0.406125009059906 38
1688570490078 0.4143750071525574 39
1688570491454 0.4176250100135803 40
1688570492669 0.4154999852180481 41
1688570493858 0.4165000021457672 42
1688570495053 0.41737499833106995 43
1688570496254 0.4205000102519989 44
1688570497448 0.41862499713897705 45
1688570498669 0.4178749918937683 46
1688570499865 0.4202499985694885 47
1688570501065 0.42662501335144043 48
1688570502269 0.4281249940395355 49
1688570503467 0.42137500643730164 50
1688570504692 0.42387500405311584 51
1688570505912 0.4257499873638153 52
1688570507120 0.4246250092983246 53
1688570508404 0.42875000834465027 54
1688570509622 0.4256249964237213 55
1688570510840 0.4283750057220459 56
1688570512081 0.4309999942779541 57
1688570513297 0.4243749976158142 58
1688570514577 0.4320000112056732 59
1688570515779 0.4312500059604645 60
1688570516982 0.4339999854564667 61
1688570518225 0.43050000071525574 62
1688570519432 0.43287500739097595 63
1688570520718 0.43537500500679016 64
1688570521925 0.43812501430511475 65
1688570523177 0.4336250126361847 66
1688570524436 0.4348750114440918 67
1688570525645 0.4358749985694885 68
1688570526917 0.437375009059906 69
1688570528141 0.43700000643730164 70
1688570529356 0.4350000023841858 71
1688570530650 0.44200000166893005 72
1688570531889 0.44212499260902405 73
1688570533173 0.44200000166893005 74
1688570534397 0.4363749921321869 75
1688570535614 0.4348750114440918 76
1688570536902 0.43662500381469727 77
1688570538113 0.43937501311302185 78
1688570539318 0.43937501311302185 79
1688570540574 0.437624990940094 80
1688570541799 0.4361250102519989 81
1688570543110 0.4358749985694885 82
1688570544325 0.4350000023841858 83
1688570545567 0.43962499499320984 84
1688570546793 0.43687498569488525 85
1688570547999 0.43799999356269836 86
1688570549293 0.4388749897480011 87
1688570550549 0.43974998593330383 88
1688570551833 0.4399999976158142 89
1688570553134 0.44350001215934753 90
1688570554361 0.4390000104904175 91
1688570555650 0.4391250014305115 92
1688570556885 0.44087499380111694 93
1688570558150 0.44062501192092896 94
1688570559374 0.437624990940094 95
1688570560595 0.44337499141693115 96
1688570561899 0.4388749897480011 97
1688570563150 0.4415000081062317 98
1688570564401 0.43575000762939453 99
