1688570440770 0.5314512252807617 0
1688570442557 0.18055717647075653 1
1688570444109 0.13015230000019073 2
1688570445714 0.12462358921766281 3
1688570447260 0.12294542789459229 4
1688570448635 0.12201638519763947 5
1688570450044 0.1214461550116539 6
1688570451428 0.12094937264919281 7
1688570452729 0.12063214927911758 8
1688570453944 0.12025678157806396 9
1688570455142 0.11987577378749847 10
1688570456345 0.11946959793567657 11
1688570457551 0.11898227781057358 12
1688570458767 0.11846964061260223 13
1688570459957 0.11795149743556976 14
1688570461170 0.11749949306249619 15
1688570462384 0.11710315197706223 16
1688570463591 0.11677079647779465 17
1688570464787 0.11646344512701035 18
1688570465996 0.11624232679605484 19
1688570467192 0.11599113792181015 20
1688570468396 0.11582132428884506 21
1688570469614 0.11563875526189804 22
1688570470811 0.11550170928239822 23
1688570472007 0.1153341755270958 24
1688570473207 0.11521419882774353 25
1688570474403 0.11506728082895279 26
1688570475614 0.11493950337171555 27
1688570476810 0.11480630934238434 28
1688570478010 0.11472555994987488 29
1688570479221 0.11462191492319107 30
1688570480418 0.11453494429588318 31
1688570481615 0.11445175856351852 32
1688570482825 0.11437450349330902 33
1688570484015 0.11425645649433136 34
1688570485212 0.1141602024435997 35
1688570486417 0.11409829556941986 36
1688570487632 0.11407008022069931 37
1688570488838 0.1139589250087738 38
1688570490078 0.11387491971254349 39
1688570491454 0.11380446702241898 40
1688570492669 0.11370866000652313 41
1688570493858 0.11365355551242828 42
1688570495053 0.1135587990283966 43
1688570496254 0.11353154480457306 44
1688570497448 0.1134435385465622 45
1688570498669 0.11339442431926727 46
1688570499865 0.11329231411218643 47
1688570501065 0.1131744533777237 48
1688570502269 0.1131158173084259 49
1688570503467 0.11306417733430862 50
1688570504692 0.11294572800397873 51
1688570505912 0.1128646582365036 52
1688570507120 0.11280465126037598 53
1688570508404 0.1126788780093193 54
1688570509622 0.11262620985507965 55
1688570510840 0.11246363818645477 56
1688570512081 0.11245372891426086 57
1688570513297 0.11237011104822159 58
1688570514577 0.11223592609167099 59
1688570515779 0.11211134493350983 60
1688570516982 0.11208563297986984 61
1688570518225 0.11201518774032593 62
1688570519432 0.11190414428710938 63
1688570520718 0.11184336990118027 64
1688570521925 0.11174054443836212 65
1688570523177 0.11171704530715942 66
1688570524436 0.11156395822763443 67
1688570525645 0.11153779923915863 68
1688570526917 0.11143945902585983 69
1688570528141 0.11136678606271744 70
1688570529356 0.11136919260025024 71
1688570530650 0.11128289252519608 72
1688570531889 0.11117396503686905 73
1688570533173 0.11112218350172043 74
1688570534397 0.11111857742071152 75
1688570535614 0.11103957146406174 76
1688570536902 0.11101515591144562 77
1688570538113 0.11091112345457077 78
1688570539318 0.11089800298213959 79
1688570540574 0.11083617061376572 80
1688570541799 0.11079099774360657 81
1688570543110 0.11075420677661896 82
1688570544325 0.11070030927658081 83
1688570545567 0.11065962165594101 84
1688570546793 0.11065918207168579 85
1688570547999 0.1105918288230896 86
1688570549293 0.11060676723718643 87
1688570550549 0.11048152297735214 88
1688570551833 0.11050110310316086 89
1688570553134 0.11047565191984177 90
1688570554361 0.11043262481689453 91
1688570555650 0.11036541312932968 92
1688570556885 0.1103331446647644 93
1688570558150 0.11029989272356033 94
1688570559374 0.11023268103599548 95
1688570560595 0.11024567484855652 96
1688570561899 0.1102461889386177 97
1688570563150 0.11024834960699081 98
1688570564401 0.11018075793981552 99
