1688646539785 0.4857499897480011 0
1688646541975 0.4976249933242798 1
1688646544052 0.5022500157356262 2
1688646546317 0.5008749961853027 3
1688646548502 0.5098749995231628 4
1688646550693 0.5090000033378601 5
1688646552835 0.5082499980926514 6
1688646555064 0.5103750228881836 7
1688646557154 0.5146250128746033 8
1688646559256 0.5108749866485596 9
1688646561495 0.5095000267028809 10
1688646563651 0.5162500143051147 11
1688646565687 0.515625 12
1688646567683 0.512624979019165 13
1688646569857 0.5205000042915344 14
1688646571956 0.5243750214576721 15
1688646573977 0.5218750238418579 16
1688646576057 0.5242499709129333 17
1688646578164 0.5270000100135803 18
1688646580222 0.5246250033378601 19
1688646582304 0.5320000052452087 20
1688646584306 0.5348749756813049 21
1688646586605 0.53125 22
1688646588576 0.5366250276565552 23
1688646590558 0.5408750176429749 24
1688646592729 0.5458750128746033 25
1688646594709 0.550000011920929 26
1688646596971 0.5486249923706055 27
1688646599037 0.5544999837875366 28
1688646601199 0.5517500042915344 29
1688646603557 0.5536249876022339 30
1688646605778 0.5590000152587891 31
1688646608116 0.565500020980835 32
1688646610338 0.5711249709129333 33
1688646612474 0.5702499747276306 34
1688646614573 0.5774999856948853 35
1688646616851 0.5801249742507935 36
1688646619030 0.581125020980835 37
1688646621073 0.5827500224113464 38
1688646623169 0.590499997138977 39
1688646625164 0.590499997138977 40
1688646627247 0.593874990940094 41
1688646629394 0.6016250252723694 42
1688646631548 0.606374979019165 43
1688646633746 0.6048750281333923 44
1688646636157 0.612375020980835 45
1688646638558 0.6196249723434448 46
1688646640903 0.6196249723434448 47
1688646643200 0.6234999895095825 48
1688646645780 0.6234999895095825 49
1688646648266 0.6266250014305115 50
1688646650553 0.6365000009536743 51
1688646652959 0.6411250233650208 52
1688646655256 0.6399999856948853 53
1688646657408 0.6439999938011169 54
1688646659574 0.6522499918937683 55
1688646661783 0.6547499895095825 56
1688646663954 0.6587499976158142 57
1688646666134 0.6626250147819519 58
1688646668412 0.671500027179718 59
