1688646539785 0.024460570886731148 0
1688646541975 0.02182064950466156 1
1688646544052 0.0214528888463974 2
1688646546317 0.021318482235074043 3
1688646548502 0.021205132827162743 4
1688646550693 0.021046074107289314 5
1688646552835 0.020936444401741028 6
1688646555064 0.02090499736368656 7
1688646557154 0.020766714587807655 8
1688646559256 0.020711973309516907 9
1688646561495 0.020644987002015114 10
1688646563651 0.020533552393317223 11
1688646565687 0.02045300416648388 12
1688646567683 0.020330116152763367 13
1688646569857 0.020268352702260017 14
1688646571956 0.020138273015618324 15
1688646573977 0.020094307139515877 16
1688646576057 0.019958633929491043 17
1688646578164 0.019854068756103516 18
1688646580222 0.019743384793400764 19
1688646582304 0.01962822861969471 20
1688646584306 0.019572950899600983 21
1688646586605 0.0194949172437191 22
1688646588576 0.019247451797127724 23
1688646590558 0.019133752211928368 24
1688646592729 0.019000735133886337 25
1688646594709 0.018831834197044373 26
1688646596971 0.018710661679506302 27
1688646599037 0.0185908991843462 28
1688646601199 0.01844320259988308 29
1688646603557 0.018221035599708557 30
1688646605778 0.018067900091409683 31
1688646608116 0.017892569303512573 32
1688646610338 0.017766334116458893 33
1688646612474 0.01755819097161293 34
1688646614573 0.01734352856874466 35
1688646616851 0.017130794003605843 36
1688646619030 0.017015082761645317 37
1688646621073 0.016709137707948685 38
1688646623169 0.016559425741434097 39
1688646625164 0.016370028257369995 40
1688646627247 0.016162050887942314 41
1688646629394 0.015885664150118828 42
1688646631548 0.01568872109055519 43
1688646633746 0.0155341112986207 44
1688646636157 0.015271073207259178 45
1688646638558 0.01512308232486248 46
1688646640903 0.014875536784529686 47
1688646643200 0.014637085609138012 48
1688646645780 0.014553718268871307 49
1688646648266 0.014267927035689354 50
1688646650553 0.014085662551224232 51
1688646652959 0.013823903165757656 52
1688646655256 0.013652252964675426 53
1688646657408 0.013417551293969154 54
1688646659574 0.013223468326032162 55
1688646661783 0.013026203960180283 56
1688646663954 0.01280983630567789 57
1688646666134 0.012632680125534534 58
1688646668412 0.01240922138094902 59
