1688483839048 0.15337499976158142 0
1688483839486 0.1459999978542328 1
1688483839949 0.15199999511241913 2
1688483840385 0.1457500010728836 3
1688483840810 0.14512500166893005 4
1688483841246 0.14949999749660492 5
1688483841673 0.15187500417232513 6
1688483842071 0.14662499725818634 7
1688483842462 0.1522500067949295 8
1688483842939 0.1577499955892563 9
1688483843391 0.15049999952316284 10
1688483843859 0.14787499606609344 11
1688483844301 0.1535000056028366 12
1688483844744 0.1496250033378601 13
1688483845178 0.15324999392032623 14
1688483845623 0.14550000429153442 15
1688483846062 0.1446249932050705 16
1688483846486 0.1511249989271164 17
1688483846920 0.14274999499320984 18
1688483847375 0.15412500500679016 19
1688483847812 0.14225000143051147 20
1688483848276 0.1523749977350235 21
1688483848723 0.14562499523162842 22
1688483849164 0.14100000262260437 23
1688483849618 0.1508750021457672 24
1688483850072 0.14650000631809235 25
1688483850513 0.14662499725818634 26
1688483850946 0.14650000631809235 27
1688483851378 0.1469999998807907 28
1688483851833 0.1508750021457672 29
1688483852284 0.15125000476837158 30
1688483852746 0.14662499725818634 31
1688483853210 0.14812499284744263 32
1688483853653 0.14374999701976776 33
1688483854072 0.14937500655651093 34
1688483854469 0.14675000309944153 35
1688483854860 0.15449999272823334 36
1688483855249 0.14862500131130219 37
1688483855638 0.15437500178813934 38
1688483856027 0.14862500131130219 39
1688483856418 0.14737500250339508 40
1688483856806 0.1508750021457672 41
1688483857200 0.1457500010728836 42
1688483857590 0.1523749977350235 43
1688483857983 0.15187500417232513 44
1688483858372 0.15324999392032623 45
1688483858758 0.14550000429153442 46
1688483859152 0.14274999499320984 47
1688483859550 0.14387500286102295 48
1688483859942 0.13899999856948853 49
1688483860336 0.15387499332427979 50
1688483860725 0.1511249989271164 51
1688483861116 0.14612500369548798 52
1688483861509 0.1457500010728836 53
1688483861903 0.15199999511241913 54
1688483862302 0.1508750021457672 55
1688483862691 0.14787499606609344 56
1688483863083 0.14787499606609344 57
1688483863476 0.1536249965429306 58
1688483863891 0.15512500703334808 59
1688483864289 0.15287500619888306 60
1688483864681 0.14550000429153442 61
1688483865071 0.15462499856948853 62
1688483865461 0.14775000512599945 63
1688483865853 0.14912499487400055 64
1688483866247 0.1457500010728836 65
1688483866642 0.15275000035762787 66
1688483867040 0.15324999392032623 67
1688483867433 0.1497499942779541 68
1688483867826 0.1471250057220459 69
1688483868220 0.15012499690055847 70
1688483868615 0.15062500536441803 71
1688483869009 0.15275000035762787 72
1688483869401 0.1561249941587448 73
1688483869793 0.14925000071525574 74
1688483870183 0.148499995470047 75
1688483870578 0.1550000011920929 76
1688483870974 0.1511249989271164 77
1688483871368 0.1404999941587448 78
1688483871765 0.15074999630451202 79
1688483872161 0.15737499296665192 80
1688483872556 0.15012499690055847 81
1688483872953 0.14900000393390656 82
1688483873351 0.14862500131130219 83
1688483873752 0.15575000643730164 84
1688483874160 0.15312500298023224 85
1688483874558 0.1588750034570694 86
1688483874957 0.15512500703334808 87
1688483875358 0.15262499451637268 88
1688483875755 0.15437500178813934 89
1688483876153 0.14562499523162842 90
1688483876550 0.1393750011920929 91
1688483876967 0.1433749943971634 92
1688483877359 0.15462499856948853 93
1688483877757 0.14800000190734863 94
1688483878151 0.15025000274181366 95
1688483878549 0.1511249989271164 96
1688483878943 0.1548749953508377 97
1688483879336 0.14662499725818634 98
1688483879730 0.15049999952316284 99
