1688483839048 73.91252899169922 0
1688483839486 1280.09423828125 1
1688483839949 6008.0849609375 2
1688483840385 18604.55859375 3
1688483840810 38937.51953125 4
1688483841246 60413.37109375 5
1688483841673 86711.7578125 6
1688483842071 124346.3671875 7
1688483842462 168931.515625 8
1688483842939 218250.390625 9
1688483843391 293233.34375 10
1688483843859 376875.5 11
1688483844301 429504.625 12
1688483844744 535731.6875 13
1688483845178 644793.125 14
1688483845623 723219.5 15
1688483846062 771892.375 16
1688483846486 866614.0625 17
1688483846920 994722.25 18
1688483847375 1057955.375 19
1688483847812 1385722.625 20
1688483848276 1326077.25 21
1688483848723 1369285.0 22
1688483849164 1572126.75 23
1688483849618 1758253.75 24
1688483850072 1869152.875 25
1688483850513 1856593.25 26
1688483850946 2112014.75 27
1688483851378 2645359.25 28
1688483851833 2659693.75 29
1688483852284 2791510.5 30
1688483852746 2826806.75 31
1688483853210 3392405.0 32
1688483853653 3570092.0 33
1688483854072 4095725.0 34
1688483854469 3789954.5 35
1688483854860 4274930.0 36
1688483855249 4482123.5 37
1688483855638 4788610.0 38
1688483856027 4626269.0 39
1688483856418 5519693.0 40
1688483856806 6102916.0 41
1688483857200 5880546.5 42
1688483857590 6211780.0 43
1688483857983 6783725.0 44
1688483858372 6533971.0 45
1688483858758 7237639.0 46
1688483859152 7759793.5 47
1688483859550 9500794.0 48
1688483859942 8224663.0 49
1688483860336 9609891.0 50
1688483860725 9285917.0 51
1688483861116 9378455.0 52
1688483861509 9619240.0 53
1688483861903 11123068.0 54
1688483862302 10425275.0 55
1688483862691 12221987.0 56
1688483863083 12057196.0 57
1688483863476 11526964.0 58
1688483863891 13407435.0 59
1688483864289 11390747.0 60
1688483864681 14815153.0 61
1688483865071 15954337.0 62
1688483865461 13943083.0 63
1688483865853 14245252.0 64
1688483866247 16301400.0 65
1688483866642 14892858.0 66
1688483867040 16946400.0 67
1688483867433 17847318.0 68
1688483867826 18757664.0 69
1688483868220 17530054.0 70
1688483868615 18995932.0 71
1688483869009 18899724.0 72
1688483869401 20082206.0 73
1688483869793 21161338.0 74
1688483870183 22817362.0 75
1688483870578 19328144.0 76
1688483870974 23432382.0 77
1688483871368 24567738.0 78
1688483871765 23959806.0 79
1688483872161 26636680.0 80
1688483872556 26129032.0 81
1688483872953 28532902.0 82
1688483873351 29089166.0 83
1688483873752 30731736.0 84
1688483874160 27020630.0 85
1688483874558 29330468.0 86
1688483874957 30869622.0 87
1688483875358 33270418.0 88
1688483875755 33407560.0 89
1688483876153 30706334.0 90
1688483876550 34864864.0 91
1688483876967 33994576.0 92
1688483877359 32971118.0 93
1688483877757 33422396.0 94
1688483878151 32938844.0 95
1688483878549 41560092.0 96
1688483878943 43512796.0 97
1688483879336 41274984.0 98
1688483879730 37240908.0 99
