1688485427400 0.32587501406669617 0
1688485428579 0.3824999928474426 1
1688485429618 0.3891249895095825 2
1688485430771 0.41200000047683716 3
1688485431895 0.42899999022483826 4
1688485433007 0.4533750116825104 5
1688485434019 0.46837499737739563 6
1688485435090 0.48124998807907104 7
1688485436280 0.48637500405311584 8
1688485437483 0.4937500059604645 9
1688485438600 0.49399998784065247 10
1688485439559 0.4984999895095825 11
1688485440578 0.49950000643730164 12
1688485441640 0.5043749809265137 13
1688485442769 0.5021250247955322 14
1688485443883 0.5068749785423279 15
1688485445001 0.5071250200271606 16
1688485446007 0.5083749890327454 17
1688485446952 0.5044999718666077 18
1688485447905 0.5065000057220459 19
1688485448859 0.5076249837875366 20
1688485449820 0.5066249966621399 21
1688485450786 0.5073750019073486 22
1688485451746 0.5087500214576721 23
1688485452695 0.5066249966621399 24
1688485453680 0.5077499747276306 25
1688485454638 0.5105000138282776 26
1688485455600 0.5095000267028809 27
1688485456556 0.5095000267028809 28
1688485457546 0.5078750252723694 29
1688485458543 0.5083749890327454 30
1688485459537 0.5131250023841858 31
1688485460505 0.5097500085830688 32
1688485461450 0.5092499852180481 33
1688485462394 0.5057500004768372 34
1688485463418 0.5084999799728394 35
1688485464528 0.5090000033378601 36
