1688485427400 0.12218830734491348 0
1688485428579 0.06132642179727554 1
1688485429618 0.053343601524829865 2
1688485430771 0.05088401958346367 3
1688485431895 0.04866935685276985 4
1688485433007 0.04652677848935127 5
1688485434019 0.04450466111302376 6
1688485435090 0.042648252099752426 7
1688485436280 0.04100340977311134 8
1688485437483 0.03959563747048378 9
1688485438600 0.03834691643714905 10
1688485439559 0.037257611751556396 11
1688485440578 0.03631342202425003 12
1688485441640 0.03546517342329025 13
1688485442769 0.03472542390227318 14
1688485443883 0.03406793996691704 15
1688485445001 0.033467765897512436 16
1688485446007 0.032935626804828644 17
1688485446952 0.03245239332318306 18
1688485447905 0.03201218694448471 19
1688485448859 0.031598642468452454 20
1688485449820 0.03126341104507446 21
1688485450786 0.030926942825317383 22
1688485451746 0.030583634972572327 23
1688485452695 0.030315030366182327 24
1688485453680 0.030031602829694748 25
1688485454638 0.029811900109052658 26
1688485455600 0.02955310419201851 27
1688485456556 0.029332341626286507 28
1688485457546 0.029120471328496933 29
1688485458543 0.028945913538336754 30
1688485459537 0.028765980154275894 31
1688485460505 0.02858545072376728 32
1688485461450 0.028438473120331764 33
1688485462394 0.028286898508667946 34
1688485463418 0.02814527228474617 35
1688485464528 0.027977773919701576 36
