1688631524120 0.1848749965429306 0
1688631525094 0.32987499237060547 1
1688631526110 0.38850000500679016 2
1688631527065 0.4180000126361847 3
1688631527991 0.42925000190734863 4
1688631528994 0.43424999713897705 5
1688631530003 0.4350000023841858 6
1688631531028 0.4468750059604645 7
1688631532020 0.44624999165534973 8
1688631533017 0.44725000858306885 9
1688631534002 0.45100000500679016 10
1688631535002 0.4528749883174896 11
1688631536028 0.4567500054836273 12
1688631536966 0.4583750069141388 13
1688631537950 0.46312499046325684 14
1688631538948 0.445250004529953 15
1688631539970 0.4580000042915344 16
1688631541012 0.45399999618530273 17
1688631542025 0.45637500286102295 18
1688631543180 0.45375001430511475 19
1688631544113 0.46299999952316284 20
1688631545064 0.4620000123977661 21
1688631546075 0.4636250138282776 22
1688631547022 0.45899999141693115 23
1688631547958 0.46437498927116394 24
1688631548981 0.460999995470047 25
1688631549939 0.4633750021457672 26
