1688631524120 0.20015570521354675 0
1688631525094 0.09852219372987747 1
1688631526110 0.06644730269908905 2
1688631527065 0.05188293382525444 3
1688631527991 0.0449526347219944 4
1688631528994 0.0413745678961277 5
1688631530003 0.03944026306271553 6
1688631531028 0.03797054663300514 7
1688631532020 0.03689155355095863 8
1688631533017 0.03609456494450569 9
1688631534002 0.03550224378705025 10
1688631535002 0.03483657166361809 11
1688631536028 0.03436368703842163 12
1688631536966 0.034058306366205215 13
1688631537950 0.03352835401892662 14
1688631538948 0.03329385817050934 15
1688631539970 0.03300473839044571 16
1688631541012 0.0327579602599144 17
1688631542025 0.03263979032635689 18
1688631543180 0.032323434948921204 19
1688631544113 0.0320749506354332 20
1688631545064 0.031959518790245056 21
1688631546075 0.03164933621883392 22
1688631547022 0.03164533153176308 23
1688631547958 0.03142480179667473 24
1688631548981 0.031217629089951515 25
1688631549939 0.031112220138311386 26
