1688644283535 0.4817500114440918 0
1688644285753 0.4947499930858612 1
1688644287955 0.5009999871253967 2
1688644289974 0.5090000033378601 3
1688644292036 0.5055000185966492 4
1688644294081 0.5108749866485596 5
1688644296096 0.5087500214576721 6
1688644298186 0.5086249709129333 7
1688644300184 0.5083749890327454 8
1688644302215 0.5095000267028809 9
1688644304282 0.515999972820282 10
1688644306279 0.5182499885559082 11
1688644308358 0.5191249847412109 12
1688644310345 0.5192499756813049 13
1688644312370 0.5217499732971191 14
1688644314451 0.5167499780654907 15
1688644316463 0.5214999914169312 16
1688644318551 0.5236250162124634 17
1688644320562 0.5264999866485596 18
1688644322540 0.5273749828338623 19
1688644324570 0.531374990940094 20
1688644326525 0.5328750014305115 21
1688644328504 0.5354999899864197 22
1688644330519 0.5416250228881836 23
1688644332511 0.5412499904632568 24
1688644334556 0.5450000166893005 25
1688644336534 0.5453749895095825 26
1688644338482 0.5488749742507935 27
1688644340515 0.5537499785423279 28
1688644342464 0.5532500147819519 29
1688644344486 0.5608749985694885 30
1688644346442 0.5606250166893005 31
1688644348446 0.5665000081062317 32
1688644350834 0.5680000185966492 33
1688644353171 0.5674999952316284 34
1688644355678 0.5758749842643738 35
1688644358069 0.5768749713897705 36
1688644360296 0.5826249718666077 37
1688644362331 0.5864999890327454 38
1688644364337 0.5864999890327454 39
1688644366499 0.5942500233650208 40
1688644368501 0.596750020980835 41
1688644370625 0.6029999852180481 42
1688644372616 0.6029999852180481 43
1688644374622 0.6026250123977661 44
1688644376844 0.609499990940094 45
1688644378968 0.6116250157356262 46
1688644381064 0.6202499866485596 47
1688644383108 0.6230000257492065 48
1688644385099 0.628250002861023 49
1688644387457 0.6322500109672546 50
1688644389772 0.6333749890327454 51
1688644392032 0.6315000057220459 52
1688644394220 0.6468750238418579 53
1688644396275 0.6489999890327454 54
1688644398379 0.6471250057220459 55
1688644400800 0.6489999890327454 56
1688644402807 0.6598749756813049 57
1688644404908 0.6642500162124634 58
1688644407340 0.6628749966621399 59
1688644409567 0.668874979019165 60
1688644412164 0.6784999966621399 61
1688644414445 0.6807500123977661 62
1688644416685 0.6758750081062317 63
1688644418883 0.6818749904632568 64
1688644421140 0.6882500052452087 65
1688644423199 0.6897500157356262 66
1688644425314 0.6899999976158142 67
1688644427456 0.6916249990463257 68
1688644429463 0.7023749947547913 69
1688644431580 0.7021250128746033 70
1688644433644 0.7043750286102295 71
1688644435655 0.7086250185966492 72
1688644437718 0.7160000205039978 73
1688644439936 0.7173749804496765 74
1688644442116 0.718625009059906 75
1688644444178 0.721875011920929 76
1688644446322 0.7213749885559082 77
1688644448428 0.7243750095367432 78
1688644450468 0.7293750047683716 79
1688644452470 0.7279999852180481 80
1688644454583 0.7337499856948853 81
1688644456816 0.734375 82
1688644458908 0.7396249771118164 83
1688644460976 0.7446249723434448 84
1688644463089 0.7477499842643738 85
1688644465280 0.7403749823570251 86
1688644467380 0.7471250295639038 87
1688644469710 0.7508749961853027 88
1688644472077 0.7522500157356262 89
1688644474503 0.7528749704360962 90
1688644476791 0.7577499747276306 91
1688644478899 0.7562500238418579 92
1688644481066 0.7519999742507935 93
1688644483147 0.7544999718666077 94
1688644485213 0.7617499828338623 95
1688644487309 0.7641249895095825 96
1688644489322 0.7684999704360962 97
1688644491833 0.7698749899864197 98
1688644494101 0.7691249847412109 99
