1688644283535 0.024351229891180992 0
1688644285753 0.021796202287077904 1
1688644287955 0.021487386897206306 2
1688644289974 0.021363817155361176 3
1688644292036 0.02119622379541397 4
1688644294081 0.021062688902020454 5
1688644296096 0.020975399762392044 6
1688644298186 0.020861662924289703 7
1688644300184 0.020816843956708908 8
1688644302215 0.02070958912372589 9
1688644304282 0.02061791904270649 10
1688644306279 0.0205423291772604 11
1688644308358 0.02041759341955185 12
1688644310345 0.020337950438261032 13
1688644312370 0.02029997482895851 14
1688644314451 0.020153317600488663 15
1688644316463 0.02002793736755848 16
1688644318551 0.019938811659812927 17
1688644320562 0.019847583025693893 18
1688644322540 0.019726498052477837 19
1688644324570 0.0196022167801857 20
1688644326525 0.019463786855340004 21
1688644328504 0.0193463284522295 22
1688644330519 0.019207272678613663 23
1688644332511 0.01907096430659294 24
1688644334556 0.01894763857126236 25
1688644336534 0.01881067454814911 26
1688644338482 0.018629515543580055 27
1688644340515 0.018485669046640396 28
1688644342464 0.01831204444169998 29
1688644344486 0.018133113160729408 30
1688644346442 0.01796644553542137 31
1688644348446 0.01780477538704872 32
1688644350834 0.01754320040345192 33
1688644353171 0.01742853783071041 34
1688644355678 0.017168689519166946 35
1688644358069 0.016996605321764946 36
1688644360296 0.01681460440158844 37
1688644362331 0.016604764387011528 38
1688644364337 0.016401097178459167 39
1688644366499 0.01617060787975788 40
1688644368501 0.015964070335030556 41
1688644370625 0.01576453261077404 42
1688644372616 0.015575910918414593 43
1688644374622 0.015340770594775677 44
1688644376844 0.015107052400708199 45
1688644378968 0.01492844894528389 46
1688644381064 0.014621243812143803 47
1688644383108 0.014455985277891159 48
1688644385099 0.014211973175406456 49
1688644387457 0.014012439176440239 50
1688644389772 0.013787251897156239 51
1688644392032 0.013578826561570168 52
1688644394220 0.013324433006346226 53
1688644396275 0.013124117627739906 54
1688644398379 0.012914687395095825 55
1688644400800 0.012720384635031223 56
1688644402807 0.012465562671422958 57
1688644404908 0.012320470064878464 58
1688644407340 0.012140639126300812 59
1688644409567 0.01186347845941782 60
1688644412164 0.01166293490678072 61
1688644414445 0.011508937925100327 62
1688644416685 0.011346401646733284 63
1688644418883 0.011140523478388786 64
1688644421140 0.010957550257444382 65
1688644423199 0.010809311643242836 66
1688644425314 0.010600029490888119 67
1688644427456 0.010481779463589191 68
1688644429463 0.01032527070492506 69
1688644431580 0.010226983577013016 70
1688644433644 0.010026811622083187 71
1688644435655 0.009840813465416431 72
1688644437718 0.00962043460458517 73
1688644439936 0.009499510750174522 74
1688644442116 0.009377891197800636 75
1688644444178 0.009209839627146721 76
1688644446322 0.00907122902572155 77
1688644448428 0.008974878117442131 78
1688644450468 0.008865652605891228 79
1688644452470 0.00870551448315382 80
1688644454583 0.008606591261923313 81
1688644456816 0.008472083136439323 82
1688644458908 0.008342730812728405 83
1688644460976 0.008257699199020863 84
1688644463089 0.008146490901708603 85
1688644465280 0.008037138730287552 86
1688644467380 0.007869632914662361 87
1688644469710 0.007786816917359829 88
1688644472077 0.007674830965697765 89
1688644474503 0.007544121704995632 90
1688644476791 0.007406906224787235 91
1688644478899 0.0073614902794361115 92
1688644481066 0.007366996258497238 93
1688644483147 0.007254779804497957 94
1688644485213 0.007113187573850155 95
1688644487309 0.006994010414928198 96
1688644489322 0.006916132755577564 97
1688644491833 0.006857320666313171 98
1688644494101 0.006758478004485369 99
