1688559448163 0.2827500104904175 0
1688559449244 0.328249990940094 1
1688559450308 0.32912498712539673 2
1688559451393 0.3386250138282776 3
1688559452423 0.3492499887943268 4
1688559453560 0.3658750057220459 5
1688559454692 0.3792499899864197 6
1688559455902 0.3941250145435333 7
1688559457077 0.40625 8
1688559458226 0.41737499833106995 9
1688559459734 0.4281249940395355 10
1688559461144 0.4325000047683716 11
1688559462559 0.4388749897480011 12
1688559464157 0.4463750123977661 13
1688559465312 0.45212501287460327 14
1688559466454 0.4581249952316284 15
1688559467597 0.46312499046325684 16
1688559468817 0.4659999907016754 17
1688559470205 0.47187501192092896 18
1688559471543 0.47200000286102295 19
1688559472726 0.47874999046325684 20
1688559473827 0.47862499952316284 21
1688559474944 0.4801250100135803 22
1688559476109 0.48475000262260437 23
1688559477220 0.48350000381469727 24
1688559478317 0.48649999499320984 25
1688559479466 0.4856249988079071 26
1688559480647 0.49012500047683716 27
1688559481788 0.4908750057220459 28
1688559482942 0.49300000071525574 29
1688559484057 0.49424999952316284 30
1688559485218 0.4971249997615814 31
1688559486444 0.49524998664855957 32
1688559487559 0.5009999871253967 33
1688559488567 0.5023750066757202 34
1688559489586 0.4988749921321869 35
1688559490590 0.503125011920929 36
1688559491597 0.5019999742507935 37
1688559492633 0.5021250247955322 38
1688559493652 0.5036249756813049 39
1688559494664 0.5017499923706055 40
1688559495683 0.5057500004768372 41
1688559496744 0.5041249990463257 42
1688559498023 0.5036249756813049 43
1688559499337 0.5044999718666077 44
1688559500508 0.5033749938011169 45
1688559501639 0.5082499980926514 46
1688559502874 0.5049999952316284 47
1688559504044 0.5056250095367432 48
1688559505453 0.5099999904632568 49
1688559506774 0.5056250095367432 50
1688559508087 0.5071250200271606 51
1688559509140 0.5071250200271606 52
1688559510231 0.5059999823570251 53
1688559511226 0.5067499876022339 54
1688559512223 0.5016250014305115 55
1688559513303 0.5061249732971191 56
1688559514332 0.5101249814033508 57
1688559515349 0.5033749938011169 58
1688559516415 0.5116249918937683 59
1688559517465 0.5078750252723694 60
1688559518504 0.5087500214576721 61
1688559519582 0.5093749761581421 62
1688559520595 0.5101249814033508 63
1688559521599 0.5115000009536743 64
1688559522621 0.5086249709129333 65
1688559523703 0.5066249966621399 66
1688559524761 0.5086249709129333 67
1688559525841 0.5071250200271606 68
1688559526953 0.5102499723434448 69
1688559528011 0.5101249814033508 70
1688559529071 0.5127500295639038 71
1688559530133 0.5091249942779541 72
1688559531117 0.5055000185966492 73
1688559532125 0.5097500085830688 74
1688559533206 0.5061249732971191 75
1688559534347 0.5081250071525574 76
1688559535579 0.5084999799728394 77
1688559536728 0.5083749890327454 78
1688559537767 0.5083749890327454 79
1688559538896 0.5092499852180481 80
1688559539954 0.5109999775886536 81
1688559541017 0.5068749785423279 82
1688559542126 0.5095000267028809 83
1688559543248 0.5065000057220459 84
1688559544430 0.5067499876022339 85
1688559545571 0.5080000162124634 86
1688559546594 0.5062500238418579 87
1688559547662 0.5107499957084656 88
1688559548894 0.5051249861717224 89
1688559550062 0.5072500109672546 90
1688559551077 0.5106250047683716 91
1688559552239 0.5063750147819519 92
1688559553464 0.5098749995231628 93
1688559554495 0.5095000267028809 94
1688559555639 0.5091249942779541 95
1688559556737 0.5048750042915344 96
1688559558064 0.5095000267028809 97
1688559559250 0.5061249732971191 98
1688559560359 0.5071250200271606 99
