1688559448163 0.19909295439720154 0
1688559449244 0.1406034231185913 1
1688559450308 0.12862184643745422 2
1688559451393 0.1267048418521881 3
1688559452423 0.12601418793201447 4
1688559453560 0.12533535063266754 5
1688559454692 0.12460903078317642 6
1688559455902 0.12386937439441681 7
1688559457077 0.12312597781419754 8
1688559458226 0.12241502106189728 9
1688559459734 0.12175726145505905 10
1688559461144 0.12111388891935349 11
1688559462559 0.12051443010568619 12
1688559464157 0.1199365183711052 13
1688559465312 0.11938703805208206 14
1688559466454 0.11887223273515701 15
1688559467597 0.11839444190263748 16
1688559468817 0.11793103814125061 17
1688559470205 0.11749674379825592 18
1688559471543 0.11709116399288177 19
1688559472726 0.11669396609067917 20
1688559473827 0.11631877720355988 21
1688559474944 0.1159512847661972 22
1688559476109 0.11561081558465958 23
1688559477220 0.1152777150273323 24
1688559478317 0.11497367918491364 25
1688559479466 0.1146768108010292 26
1688559480647 0.11439158022403717 27
1688559481788 0.11410392075777054 28
1688559482942 0.11386021226644516 29
1688559484057 0.11360354721546173 30
1688559485218 0.11337592452764511 31
1688559486444 0.11312542855739594 32
1688559487559 0.11293300986289978 33
1688559488567 0.11271081864833832 34
1688559489586 0.11252803355455399 35
1688559490590 0.1123294085264206 36
1688559491597 0.11215656995773315 37
1688559492633 0.11198711395263672 38
1688559493652 0.11183017492294312 39
1688559494664 0.11166749149560928 40
1688559495683 0.11152182519435883 41
1688559496744 0.11136974394321442 42
1688559498023 0.11124631762504578 43
1688559499337 0.11111661791801453 44
1688559500508 0.11100012063980103 45
1688559501639 0.1108776181936264 46
1688559502874 0.11076940596103668 47
1688559504044 0.11064989864826202 48
1688559505453 0.1105368435382843 49
1688559506774 0.11044733971357346 50
1688559508087 0.11034230142831802 51
1688559509140 0.11024428904056549 52
1688559510231 0.1101415827870369 53
1688559511226 0.11006223410367966 54
1688559512223 0.10997818410396576 55
1688559513303 0.10989845544099808 56
1688559514332 0.10979047417640686 57
1688559515349 0.10973689705133438 58
1688559516415 0.10965286195278168 59
1688559517465 0.10957014560699463 60
1688559518504 0.10950783640146255 61
1688559519582 0.10944179445505142 62
1688559520595 0.10936997085809708 63
1688559521599 0.10928405076265335 64
1688559522621 0.10925757884979248 65
1688559523703 0.10919196158647537 66
1688559524761 0.1091168150305748 67
1688559525841 0.1090649664402008 68
1688559526953 0.10900980234146118 69
1688559528011 0.1089373305439949 70
1688559529071 0.1089002788066864 71
1688559530133 0.10885889083147049 72
1688559531117 0.10878916084766388 73
1688559532125 0.10875215381383896 74
1688559533206 0.10868745297193527 75
1688559534347 0.10865362733602524 76
1688559535579 0.10859736800193787 77
1688559536728 0.10856092721223831 78
1688559537767 0.10850708931684494 79
1688559538896 0.10845503956079483 80
1688559539954 0.10844191163778305 81
1688559541017 0.10840599983930588 82
1688559542126 0.10835018754005432 83
1688559543248 0.10829856246709824 84
1688559544430 0.10827012360095978 85
1688559545571 0.1082269549369812 86
1688559546594 0.10819143801927567 87
1688559547662 0.10815630108118057 88
1688559548894 0.1081320121884346 89
1688559550062 0.10810637474060059 90
1688559551077 0.10802937299013138 91
1688559552239 0.10801510512828827 92
1688559553464 0.10796044021844864 93
1688559554495 0.10796306282281876 94
1688559555639 0.10793551802635193 95
1688559556737 0.10789701342582703 96
1688559558064 0.10786347836256027 97
1688559559250 0.10782492160797119 98
1688559560359 0.10780048370361328 99
