1688631565008 0.27037501335144043 0
1688631565988 0.4347499907016754 1
1688631566999 0.4645000100135803 2
1688631567944 0.4684999883174896 3
1688631568876 0.46674999594688416 4
1688631569856 0.468874990940094 5
1688631570865 0.4684999883174896 6
1688631571888 0.4675000011920929 7
1688631572898 0.4749999940395355 8
1688631573878 0.49024999141693115 9
1688631574857 0.4951249957084656 10
1688631575840 0.4937500059604645 11
1688631576865 0.49537500739097595 12
1688631577820 0.49662500619888306 13
1688631578761 0.49549999833106995 14
1688631579764 0.49537500739097595 15
1688631580746 0.4973750114440918 16
1688631581771 0.4957500100135803 17
1688631582755 0.49424999952316284 18
1688631583674 0.49437499046325684 19
1688631584601 0.4957500100135803 20
1688631585525 0.4925000071525574 21
1688631586448 0.49312499165534973 22
1688631587367 0.49024999141693115 23
1688631588282 0.49950000643730164 24
1688631589192 0.4950000047683716 25
1688631590118 0.4962500035762787 26
1688631591038 0.4986250102519989 27
1688631591957 0.4947499930858612 28
1688631592873 0.4951249957084656 29
1688631593790 0.492249995470047 30
1688631594705 0.4964999854564667 31
1688631595618 0.49662500619888306 32
1688631596530 0.49300000071525574 33
1688631597442 0.492374986410141 34
1688631598356 0.4950000047683716 35
1688631599266 0.49437499046325684 36
1688631600187 0.4948750138282776 37
1688631601102 0.49387499690055847 38
1688631602020 0.4959999918937683 39
1688631602933 0.49399998784065247 40
1688631603845 0.49674999713897705 41
1688631604760 0.5007500052452087 42
1688631605673 0.4959999918937683 43
1688631606587 0.4934999942779541 44
1688631607497 0.4934999942779541 45
1688631608410 0.4932500123977661 46
1688631609324 0.4976249933242798 47
1688631610259 0.4934999942779541 48
1688631611176 0.4948750138282776 49
1688631612092 0.4933750033378601 50
1688631613001 0.4962500035762787 51
1688631613923 0.492249995470047 52
1688631614842 0.49674999713897705 53
1688631615755 0.49562498927116394 54
1688631616671 0.49775001406669617 55
1688631617587 0.49437499046325684 56
1688631618508 0.4937500059604645 57
1688631619429 0.49424999952316284 58
1688631620347 0.49262499809265137 59
1688631621263 0.49312499165534973 60
1688631622179 0.4932500123977661 61
1688631623105 0.4909999966621399 62
1688631624041 0.4970000088214874 63
1688631624962 0.49537500739097595 64
1688631625893 0.4945000112056732 65
1688631626813 0.4932500123977661 66
