1688631565008 0.22018355131149292 0
1688631565988 0.11348642408847809 1
1688631566999 0.08908253908157349 2
1688631567944 0.08167274296283722 3
1688631568876 0.07882488518953323 4
1688631569856 0.07742562890052795 5
1688631570865 0.07658509910106659 6
1688631571888 0.07598166912794113 7
1688631572898 0.05698232352733612 8
1688631573878 0.05070526525378227 9
1688631574857 0.05010465905070305 10
1688631575840 0.04970512539148331 11
1688631576865 0.049371443688869476 12
1688631577820 0.04908326640725136 13
1688631578761 0.048866044729948044 14
1688631579764 0.04862479865550995 15
1688631580746 0.04843564331531525 16
1688631581771 0.0482649952173233 17
1688631582755 0.04811060428619385 18
1688631583674 0.047964029014110565 19
1688631584601 0.047870032489299774 20
1688631585525 0.04773407056927681 21
1688631586448 0.04763678088784218 22
1688631587367 0.04753785580396652 23
1688631588282 0.047429248690605164 24
1688631589192 0.04736963286995888 25
1688631590118 0.04730766639113426 26
1688631591038 0.04719565436244011 27
1688631591957 0.04715092480182648 28
1688631592873 0.04709642007946968 29
1688631593790 0.04703107103705406 30
1688631594705 0.046972088515758514 31
1688631595618 0.04689895734190941 32
1688631596530 0.046867650002241135 33
1688631597442 0.04682372882962227 34
1688631598356 0.04679053649306297 35
1688631599266 0.0467192679643631 36
1688631600187 0.04669959098100662 37
1688631601102 0.04666009172797203 38
1688631602020 0.046609025448560715 39
1688631602933 0.04658740758895874 40
1688631603845 0.04654618352651596 41
1688631604760 0.046501170843839645 42
1688631605673 0.046474654227495193 43
1688631606587 0.04644278436899185 44
1688631607497 0.04641745239496231 45
1688631608410 0.046396899968385696 46
1688631609324 0.046383075416088104 47
1688631610259 0.04635661467909813 48
1688631611176 0.04633726552128792 49
1688631612092 0.04630066081881523 50
1688631613001 0.04625238850712776 51
1688631613923 0.046257056295871735 52
1688631614842 0.046235982328653336 53
1688631615755 0.04620548337697983 54
1688631616671 0.04615887254476547 55
1688631617587 0.04617288336157799 56
1688631618508 0.04615442827343941 57
1688631619429 0.046147312968969345 58
1688631620347 0.04613165929913521 59
1688631621263 0.046112239360809326 60
1688631622179 0.04607468098402023 61
1688631623105 0.04607325792312622 62
1688631624041 0.0460328683257103 63
1688631624962 0.04600895941257477 64
1688631625893 0.046021878719329834 65
1688631626813 0.046011053025722504 66
