1688632836187 0.468625009059906 0
1688632837220 0.5041249990463257 1
1688632838269 0.5017499923706055 2
1688632839252 0.5071250200271606 3
1688632840230 0.5036249756813049 4
1688632841290 0.503000020980835 5
1688632842366 0.5061249732971191 6
1688632843409 0.5055000185966492 7
1688632844470 0.500374972820282 8
1688632845511 0.5006250143051147 9
1688632846560 0.5021250247955322 10
1688632847598 0.49924999475479126 11
1688632848671 0.5076249837875366 12
1688632849636 0.5043749809265137 13
1688632850610 0.5034999847412109 14
1688632851647 0.500374972820282 15
1688632852702 0.499875009059906 16
1688632853775 0.4957500100135803 17
1688632854793 0.5007500052452087 18
1688632855735 0.4962500035762787 19
