1688632836187 0.040809597820043564 0
1688632837220 0.028215831145644188 1
1688632838269 0.02604602463543415 2
1688632839252 0.02516525238752365 3
1688632840230 0.02477823570370674 4
1688632841290 0.024326615035533905 5
1688632842366 0.024064771831035614 6
1688632843409 0.023895228281617165 7
1688632844470 0.023676278069615364 8
1688632845511 0.02361585758626461 9
1688632846560 0.023497018963098526 10
1688632847598 0.023485107347369194 11
1688632848671 0.023302536457777023 12
1688632849636 0.023274263367056847 13
1688632850610 0.023255225270986557 14
1688632851647 0.023203885182738304 15
1688632852702 0.023159358650445938 16
1688632853775 0.023179827257990837 17
1688632854793 0.023006759583950043 18
1688632855735 0.023072628304362297 19
