1688632220018 0.47437500953674316 0
1688632221222 0.4906249940395355 1
1688632222399 0.49537500739097595 2
1688632223429 0.49537500739097595 3
1688632224588 0.49537500739097595 4
1688632225766 0.49924999475479126 5
1688632226937 0.500249981880188 6
1688632228124 0.5033749938011169 7
1688632229285 0.49962499737739563 8
1688632230444 0.49662500619888306 9
1688632231605 0.4987500011920929 10
1688632232870 0.499875009059906 11
1688632233961 0.503000020980835 12
1688632235113 0.5077499747276306 13
1688632236266 0.5008749961853027 14
1688632237432 0.5026249885559082 15
1688632238538 0.5051249861717224 16
1688632239567 0.5066249966621399 17
1688632240609 0.5091249942779541 18
1688632241633 0.5072500109672546 19
1688632242701 0.5062500238418579 20
1688632243731 0.5077499747276306 21
1688632244774 0.5049999952316284 22
1688632245830 0.5078750252723694 23
1688632246893 0.5052499771118164 24
1688632248020 0.5088750123977661 25
1688632249101 0.5097500085830688 26
1688632250172 0.5103750228881836 27
1688632251270 0.5108749866485596 28
1688632252335 0.5141249895095825 29
1688632253431 0.5040000081062317 30
1688632254483 0.5113750100135803 31
1688632255533 0.5117499828338623 32
1688632256604 0.512624979019165 33
1688632257673 0.5066249966621399 34
1688632258754 0.5106250047683716 35
1688632259818 0.5170000195503235 36
1688632260870 0.5115000009536743 37
1688632261927 0.5061249732971191 38
1688632263040 0.5117499828338623 39
1688632264101 0.515749990940094 40
1688632265170 0.5172500014305115 41
1688632266398 0.5163750052452087 42
1688632267536 0.5201249718666077 43
1688632268688 0.5122500061988831 44
1688632269781 0.5101249814033508 45
1688632270969 0.5146250128746033 46
1688632272070 0.5105000138282776 47
1688632273263 0.5151249766349792 48
1688632274353 0.518750011920929 49
1688632275431 0.5099999904632568 50
1688632276546 0.515625 51
1688632277624 0.515250027179718 52
1688632278715 0.5168750286102295 53
1688632279791 0.5163750052452087 54
1688632280884 0.5171250104904175 55
1688632282031 0.5177500247955322 56
1688632283130 0.518875002861023 57
1688632284326 0.5183749794960022 58
