1688632220018 0.027772648259997368 0
1688632221222 0.022551709786057472 1
1688632222399 0.022214116528630257 2
1688632223429 0.02214108221232891 3
1688632224588 0.021985292434692383 4
1688632225766 0.021931273862719536 5
1688632226937 0.021872058510780334 6
1688632228124 0.021805834025144577 7
1688632229285 0.02172505110502243 8
1688632230444 0.021656697615981102 9
1688632231605 0.021642202511429787 10
1688632232870 0.021641669794917107 11
1688632233961 0.02154357358813286 12
1688632235113 0.02134774625301361 13
1688632236266 0.021443184465169907 14
1688632237432 0.02137460932135582 15
1688632238538 0.02133425511419773 16
1688632239567 0.021294940263032913 17
1688632240609 0.021332528442144394 18
1688632241633 0.021287178620696068 19
1688632242701 0.021208887919783592 20
1688632243731 0.02122836746275425 21
1688632244774 0.021262511610984802 22
1688632245830 0.02114866115152836 23
1688632246893 0.02120012417435646 24
1688632248020 0.021183762699365616 25
1688632249101 0.021099135279655457 26
1688632250172 0.021083872765302658 27
1688632251270 0.02107677049934864 28
1688632252335 0.021144786849617958 29
1688632253431 0.021001094952225685 30
1688632254483 0.02098735049366951 31
1688632255533 0.02098858542740345 32
1688632256604 0.02099253609776497 33
1688632257673 0.020985020324587822 34
1688632258754 0.020886383950710297 35
1688632259818 0.02095985598862171 36
1688632260870 0.020938338711857796 37
1688632261927 0.02092454582452774 38
1688632263040 0.02086944319307804 39
1688632264101 0.0207844115793705 40
1688632265170 0.020816799253225327 41
1688632266398 0.020788267254829407 42
1688632267536 0.02079876698553562 43
1688632268688 0.02085733413696289 44
1688632269781 0.020784975960850716 45
1688632270969 0.02071479521691799 46
1688632272070 0.02069511078298092 47
1688632273263 0.020750658586621284 48
1688632274353 0.020726345479488373 49
1688632275431 0.020774252712726593 50
1688632276546 0.020682038739323616 51
1688632277624 0.02068006806075573 52
1688632278715 0.020593484863638878 53
1688632279791 0.020602766424417496 54
1688632280884 0.020595252513885498 55
1688632282031 0.020585551857948303 56
1688632283130 0.020605823025107384 57
1688632284326 0.02055443823337555 58
