1688631942744 0.3266249895095825 0
1688631943755 0.47049999237060547 1
1688631944765 0.49812498688697815 2
1688631945719 0.5095000267028809 3
1688631946702 0.5084999799728394 4
1688631947770 0.5098749995231628 5
1688631948821 0.5128750205039978 6
1688631949839 0.5098749995231628 7
1688631950859 0.5116249918937683 8
1688631951909 0.5086249709129333 9
1688631952956 0.5083749890327454 10
1688631953988 0.5108749866485596 11
1688631955007 0.5082499980926514 12
1688631956031 0.5099999904632568 13
1688631957059 0.5048750042915344 14
1688631958125 0.5115000009536743 15
1688631959161 0.5117499828338623 16
1688631960112 0.5080000162124634 17
1688631961023 0.5080000162124634 18
1688631961963 0.5096250176429749 19
1688631963145 0.5098749995231628 20
1688631964200 0.5103750228881836 21
1688631965144 0.5105000138282776 22
1688631966131 0.5084999799728394 23
1688631967169 0.5103750228881836 24
1688631968143 0.5098749995231628 25
1688631969092 0.5091249942779541 26
1688631970068 0.5101249814033508 27
1688631971004 0.5083749890327454 28
1688631971958 0.5086249709129333 29
1688631972948 0.5084999799728394 30
1688631973889 0.5070000290870667 31
