1688631942744 0.05430707335472107 0
1688631943755 0.03975221887230873 1
1688631944765 0.031594306230545044 2
1688631945719 0.027720801532268524 3
1688631946702 0.025744467973709106 4
1688631947770 0.02455618605017662 5
1688631948821 0.023702304810285568 6
1688631949839 0.023025942966341972 7
1688631950859 0.022465167567133904 8
1688631951909 0.022007692605257034 9
1688631952956 0.02163691073656082 10
1688631953988 0.02136598527431488 11
1688631955007 0.021166052669286728 12
1688631956031 0.021035989746451378 13
1688631957059 0.020948009565472603 14
1688631958125 0.020878693088889122 15
1688631959161 0.020840277895331383 16
1688631960112 0.020821571350097656 17
1688631961023 0.02080571837723255 18
1688631961963 0.02078653872013092 19
1688631963145 0.020782766863703728 20
1688631964200 0.020773835480213165 21
1688631965144 0.02077447436749935 22
1688631966131 0.02077806182205677 23
1688631967169 0.020765332505106926 24
1688631968143 0.020760707557201385 25
1688631969092 0.02075774595141411 26
1688631970068 0.020756054669618607 27
1688631971004 0.020755670964717865 28
1688631971958 0.02076578140258789 29
1688631972948 0.020754320546984673 30
1688631973889 0.020745310932397842 31
