1688649160726 0.4814999997615814 0
1688649162922 0.5053750276565552 1
1688649165030 0.49537500739097595 2
1688649167186 0.500249981880188 3
1688649169342 0.5022500157356262 4
1688649171456 0.5026249885559082 5
1688649173597 0.5042499899864197 6
1688649175768 0.5109999775886536 7
1688649177854 0.5101249814033508 8
1688649179959 0.5070000290870667 9
1688649182118 0.5143749713897705 10
1688649184275 0.5111250281333923 11
1688649186284 0.5132499933242798 12
1688649188211 0.5170000195503235 13
1688649190185 0.5143749713897705 14
1688649192126 0.5203750133514404 15
1688649194093 0.5202500224113464 16
1688649196096 0.5222499966621399 17
1688649198092 0.5260000228881836 18
1688649200075 0.5321249961853027 19
1688649202076 0.5321249961853027 20
1688649204049 0.5296249985694885 21
1688649206079 0.5347499847412109 22
1688649208068 0.5360000133514404 23
1688649210080 0.5447499752044678 24
1688649212186 0.5428749918937683 25
1688649214626 0.5413749814033508 26
1688649216633 0.5532500147819519 27
1688649218627 0.5518749952316284 28
1688649220611 0.5572500228881836 29
1688649222620 0.5541250109672546 30
1688649224628 0.5565000176429749 31
1688649226649 0.5653749704360962 32
1688649228663 0.5674999952316284 33
1688649230663 0.5647500157356262 34
1688649232698 0.5736250281333923 35
1688649234713 0.5761250257492065 36
1688649236754 0.5772500038146973 37
1688649238763 0.581375002861023 38
1688649240759 0.5842499732971191 39
1688649242778 0.5881249904632568 40
1688649244753 0.5951250195503235 41
1688649246780 0.5987499952316284 42
1688649248785 0.6010000109672546 43
1688649250782 0.6032500267028809 44
1688649252827 0.606374979019165 45
1688649254827 0.6140000224113464 46
1688649256856 0.6166250109672546 47
1688649258868 0.6143749952316284 48
1688649260843 0.6241250038146973 49
1688649262856 0.6277499794960022 50
1688649264849 0.621749997138977 51
1688649266880 0.6327499747276306 52
1688649268889 0.637374997138977 53
1688649270944 0.6413750052452087 54
1688649272946 0.6421250104904175 55
1688649275023 0.6456249952316284 56
1688649276996 0.6448749899864197 57
1688649279006 0.6522499918937683 58
1688649280995 0.6591249704360962 59
1688649282989 0.6637499928474426 60
1688649285011 0.6678749918937683 61
1688649286997 0.6656249761581421 62
1688649288976 0.671875 63
1688649290977 0.6766250133514404 64
1688649292969 0.6807500123977661 65
1688649294984 0.6853749752044678 66
1688649296973 0.687874972820282 67
1688649298930 0.6901249885559082 68
1688649300921 0.6915000081062317 69
1688649302892 0.6986250281333923 70
1688649304915 0.6995000243186951 71
1688649306889 0.7026249766349792 72
1688649308839 0.7053750157356262 73
1688649310810 0.7071250081062317 74
1688649312775 0.7103750109672546 75
1688649314772 0.7068750262260437 76
1688649316773 0.715624988079071 77
1688649318738 0.7181249856948853 78
1688649320707 0.722000002861023 79
1688649322690 0.7226250171661377 80
1688649324713 0.7246249914169312 81
1688649326698 0.7292500138282776 82
1688649328696 0.7337499856948853 83
1688649330711 0.7316250205039978 84
1688649332722 0.7378749847412109 85
1688649334744 0.7432500123977661 86
1688649336754 0.7416250109672546 87
1688649338732 0.7387499809265137 88
1688649340739 0.7492499947547913 89
1688649342737 0.7453749775886536 90
1688649344774 0.749750018119812 91
1688649346789 0.7537500262260437 92
1688649348776 0.7536249756813049 93
1688649350783 0.7558749914169312 94
1688649352742 0.7562500238418579 95
1688649354786 0.7562500238418579 96
1688649356773 0.7574999928474426 97
1688649358752 0.762624979019165 98
1688649360755 0.7630000114440918 99
