1688649160726 0.024682531133294106 0
1688649162922 0.021761994808912277 1
1688649165030 0.02150379866361618 2
1688649167186 0.021347755566239357 3
1688649169342 0.0212290920317173 4
1688649171456 0.021086709573864937 5
1688649173597 0.020992767065763474 6
1688649175768 0.020862987264990807 7
1688649177854 0.020801562815904617 8
1688649179959 0.020715374499559402 9
1688649182118 0.02058059349656105 10
1688649184275 0.020532123744487762 11
1688649186284 0.020436426624655724 12
1688649188211 0.02032376453280449 13
1688649190185 0.020259493961930275 14
1688649192126 0.020163392648100853 15
1688649194093 0.020023873075842857 16
1688649196096 0.019920725375413895 17
1688649198092 0.019830092787742615 18
1688649200075 0.01974690705537796 19
1688649202076 0.01960282400250435 20
1688649204049 0.019464805722236633 21
1688649206079 0.019422179087996483 22
1688649208068 0.01924285665154457 23
1688649210080 0.01911935769021511 24
1688649212186 0.018974419683218002 25
1688649214626 0.01883852295577526 26
1688649216633 0.018677782267332077 27
1688649218627 0.01856241002678871 28
1688649220611 0.01833207719027996 29
1688649222620 0.018218424171209335 30
1688649224628 0.018059855327010155 31
1688649226649 0.01791464351117611 32
1688649228663 0.01766941323876381 33
1688649230663 0.01754750683903694 34
1688649232698 0.017367126420140266 35
1688649234713 0.017167016863822937 36
1688649236754 0.016967279836535454 37
1688649238763 0.01677187904715538 38
1688649240759 0.01659032702445984 39
1688649242778 0.01638931781053543 40
1688649244753 0.01619148999452591 41
1688649246780 0.0159891527146101 42
1688649248785 0.015746913850307465 43
1688649250782 0.015557611361145973 44
1688649252827 0.015375315211713314 45
1688649254827 0.01511385478079319 46
1688649256856 0.014912047423422337 47
1688649258868 0.014714495278894901 48
1688649260843 0.014469546265900135 49
1688649262856 0.014261563308537006 50
1688649264849 0.014076168648898602 51
1688649266880 0.013885308988392353 52
1688649268889 0.013639507815241814 53
1688649270944 0.013438532128930092 54
1688649272946 0.013237102888524532 55
1688649275023 0.013006090186536312 56
1688649276996 0.012804606929421425 57
1688649279006 0.012660200707614422 58
1688649280995 0.012465409934520721 59
1688649282989 0.012201444245874882 60
1688649285011 0.012000322341918945 61
1688649286997 0.011877135373651981 62
1688649288976 0.011688638478517532 63
1688649290977 0.01149731408804655 64
1688649292969 0.011343056336045265 65
1688649294984 0.01115957461297512 66
1688649296973 0.011000490747392178 67
1688649298930 0.010838581249117851 68
1688649300921 0.010637585073709488 69
1688649302892 0.010430911555886269 70
1688649304915 0.010355101898312569 71
1688649306889 0.010132773779332638 72
1688649308839 0.009977171197533607 73
1688649310810 0.009900091215968132 74
1688649312775 0.009750572964549065 75
1688649314772 0.009652002714574337 76
1688649316773 0.00948277860879898 77
1688649318738 0.009327569045126438 78
1688649320707 0.009230252355337143 79
1688649322690 0.00903190765529871 80
1688649324713 0.008944514207541943 81
1688649326698 0.008843307383358479 82
1688649328696 0.008689339272677898 83
1688649330711 0.00858047790825367 84
1688649332722 0.008503254503011703 85
1688649334744 0.00838043075054884 86
1688649336754 0.008214392699301243 87
1688649338732 0.00817820429801941 88
1688649340739 0.008030282333493233 89
1688649342737 0.007884417660534382 90
1688649344774 0.007867403328418732 91
1688649346789 0.007697668857872486 92
1688649348776 0.007635258603841066 93
1688649350783 0.0074866218492388725 94
1688649352742 0.007524092681705952 95
1688649354786 0.0074167330749332905 96
1688649356773 0.007252292707562447 97
1688649358752 0.00715457322075963 98
1688649360755 0.0071778446435928345 99
