1688484664225 0.35276293754577637 0
1688484664686 0.11972664296627045 1
1688484665205 0.1173185408115387 2
1688484665667 0.11611656099557877 3
1688484666087 0.11531373858451843 4
1688484666535 0.1145700141787529 5
1688484666990 0.11404678225517273 6
1688484667442 0.11363063007593155 7
1688484667894 0.11351839452981949 8
1688484668367 0.11315765231847763 9
1688484668837 0.11303326487541199 10
1688484669321 0.11265186965465546 11
1688484669767 0.11257637292146683 12
1688484670193 0.1125718504190445 13
1688484670586 0.11227888613939285 14
1688484670978 0.1120264083147049 15
1688484671417 0.11198106408119202 16
1688484671874 0.11189529299736023 17
1688484672320 0.11156455427408218 18
1688484672767 0.11165070533752441 19
1688484673292 0.11150763928890228 20
1688484673774 0.11138234287500381 21
1688484674242 0.11137969046831131 22
1688484674693 0.11116672307252884 23
1688484675152 0.1111588105559349 24
1688484675562 0.11091453582048416 25
1688484675967 0.11086469888687134 26
1688484676388 0.11079572886228561 27
1688484676796 0.11077215522527695 28
1688484677195 0.1105017215013504 29
1688484677598 0.11063609272241592 30
1688484677994 0.11045769602060318 31
1688484678398 0.11039001494646072 32
1688484678804 0.11042281240224838 33
1688484679202 0.1103544607758522 34
1688484679599 0.11028294265270233 35
1688484679995 0.11020185053348541 36
1688484680390 0.11008453369140625 37
1688484680791 0.11002600193023682 38
1688484681188 0.10994034260511398 39
1688484681598 0.10988949984312057 40
1688484681999 0.10973704606294632 41
1688484682399 0.10975255817174911 42
1688484682803 0.10964170098304749 43
1688484683208 0.10946395993232727 44
1688484683612 0.10955362766981125 45
