1688485358755 0.2763749957084656 0
1688485359943 0.3178749978542328 1
1688485361024 0.3400000035762787 2
1688485362154 0.3607499897480011 3
1688485363303 0.39137500524520874 4
1688485364432 0.4124999940395355 5
1688485365438 0.421875 6
1688485366508 0.4388749897480011 7
1688485367672 0.44475001096725464 8
1688485368846 0.4560000002384186 9
1688485369964 0.45212501287460327 10
1688485370958 0.4659999907016754 11
1688485371929 0.46662500500679016 12
1688485373018 0.47312501072883606 13
1688485374130 0.476375013589859 14
1688485375282 0.47749999165534973 15
1688485376400 0.47749999165534973 16
1688485377373 0.48399999737739563 17
1688485378384 0.484499990940094 18
1688485379356 0.4883750081062317 19
1688485380323 0.49125000834465027 20
1688485381288 0.4951249957084656 21
1688485382258 0.4958750009536743 22
1688485383293 0.4945000112056732 23
1688485384296 0.49924999475479126 24
1688485385279 0.5008749961853027 25
1688485386265 0.5041249990463257 26
1688485387306 0.5013750195503235 27
1688485388342 0.5037500262260437 28
1688485389340 0.5071250200271606 29
1688485390353 0.503250002861023 30
1688485391364 0.5051249861717224 31
1688485392335 0.5058749914169312 32
1688485393390 0.5048750042915344 33
1688485394380 0.5034999847412109 34
1688485395374 0.5078750252723694 35
1688485396381 0.5052499771118164 36
1688485397384 0.5106250047683716 37
1688485398456 0.5068749785423279 38
1688485399581 0.5061249732971191 39
1688485400573 0.5051249861717224 40
1688485401583 0.5080000162124634 41
1688485402651 0.5042499899864197 42
1688485403699 0.5056250095367432 43
1688485404691 0.503125011920929 44
1688485405789 0.5053750276565552 45
1688485407068 0.5063750147819519 46
1688485408153 0.5058749914169312 47
1688485409238 0.5098749995231628 48
1688485410255 0.5081250071525574 49
1688485411434 0.5078750252723694 50
1688485412563 0.5049999952316284 51
1688485413665 0.5062500238418579 52
1688485414853 0.5084999799728394 53
1688485415893 0.5067499876022339 54
1688485416974 0.5059999823570251 55
