1688485358755 0.18470610678195953 0
1688485359943 0.13197198510169983 1
1688485361024 0.1267552673816681 2
1688485362154 0.12578286230564117 3
1688485363303 0.12485371530056 4
1688485364432 0.12388405203819275 5
1688485365438 0.12288310378789902 6
1688485366508 0.12193337827920914 7
1688485367672 0.12107206135988235 8
1688485368846 0.12024930864572525 9
1688485369964 0.11950714141130447 10
1688485370958 0.11880462616682053 11
1688485371929 0.11815857887268066 12
1688485373018 0.11753688752651215 13
1688485374130 0.11696794629096985 14
1688485375282 0.11641350388526917 15
1688485376400 0.1159110888838768 16
1688485377373 0.11540580540895462 17
1688485378384 0.11494119465351105 18
1688485379356 0.11451858282089233 19
1688485380323 0.11411155015230179 20
1688485381288 0.11372548341751099 21
1688485382258 0.11337084323167801 22
1688485383293 0.11304469406604767 23
1688485384296 0.11273793876171112 24
1688485385279 0.11244045197963715 25
1688485386265 0.11214609444141388 26
1688485387306 0.11193090677261353 27
1688485388342 0.11169502139091492 28
1688485389340 0.11144592612981796 29
1688485390353 0.11127025634050369 30
1688485391364 0.11107536405324936 31
1688485392335 0.11088438332080841 32
1688485393390 0.11072425544261932 33
1688485394380 0.11053483188152313 34
1688485395374 0.11039742827415466 35
1688485396381 0.11026806384325027 36
1688485397384 0.11013264209032059 37
1688485398456 0.10999143868684769 38
1688485399581 0.10987138003110886 39
1688485400573 0.10972926765680313 40
1688485401583 0.10963574051856995 41
1688485402651 0.10952876508235931 42
1688485403699 0.10945814847946167 43
1688485404691 0.1093420535326004 44
1688485405789 0.1092481017112732 45
1688485407068 0.10914567112922668 46
1688485408153 0.1090991199016571 47
1688485409238 0.1089693084359169 48
1688485410255 0.10891475528478622 49
1688485411434 0.10882466286420822 50
1688485412563 0.10873433947563171 51
1688485413665 0.10867379605770111 52
1688485414853 0.10860788822174072 53
1688485415893 0.10855832695960999 54
1688485416974 0.10847185552120209 55
