1688644572335 0.48762500286102295 0
1688644574608 0.4963749945163727 1
1688644576650 0.5022500157356262 2
1688644578851 0.5053750276565552 3
1688644581178 0.5016250014305115 4
1688644583424 0.5053750276565552 5
1688644585750 0.5082499980926514 6
1688644587984 0.5137500166893005 7
1688644590271 0.5101249814033508 8
1688644592431 0.5046250224113464 9
1688644594671 0.5118749737739563 10
1688644597032 0.5127500295639038 11
1688644599089 0.5136250257492065 12
1688644601201 0.5138750076293945 13
1688644603224 0.515749990940094 14
1688644605280 0.5242499709129333 15
1688644607378 0.5211250185966492 16
1688644609381 0.5196250081062317 17
1688644611540 0.5235000252723694 18
1688644613557 0.5260000228881836 19
1688644615576 0.5341249704360962 20
1688644617661 0.5278750061988831 21
1688644619679 0.5331249833106995 22
1688644621803 0.5413749814033508 23
1688644623827 0.5389999747276306 24
1688644625841 0.5410000085830688 25
1688644627954 0.5428749918937683 26
1688644629985 0.5479999780654907 27
1688644632150 0.5526250004768372 28
1688644634184 0.5568749904632568 29
1688644636202 0.5559999942779541 30
1688644638334 0.5618749856948853 31
1688644640400 0.5606250166893005 32
1688644642563 0.562125027179718 33
1688644644580 0.5713750123977661 34
1688644646702 0.574999988079071 35
1688644648871 0.5747500061988831 36
1688644650900 0.5764999985694885 37
1688644653061 0.5807499885559082 38
1688644655095 0.5863749980926514 39
1688644657203 0.5861250162124634 40
1688644659355 0.5982499718666077 41
1688644661392 0.5973749756813049 42
1688644663568 0.6050000190734863 43
1688644665610 0.609624981880188 44
1688644667689 0.6098750233650208 45
1688644669858 0.6104999780654907 46
1688644671895 0.6178749799728394 47
1688644674063 0.625374972820282 48
1688644676141 0.6237499713897705 49
1688644678206 0.6331250071525574 50
1688644680403 0.6328750252723694 51
1688644682504 0.6377500295639038 52
1688644684653 0.6368749737739563 53
1688644686743 0.6449999809265137 54
1688644688887 0.6511250138282776 55
1688644690971 0.6552500128746033 56
1688644693055 0.6576250195503235 57
1688644695209 0.6608750224113464 58
1688644697283 0.6644999980926514 59
1688644699494 0.6708750128746033 60
1688644701554 0.6701250076293945 61
1688644703641 0.6740000247955322 62
1688644705836 0.6777499914169312 63
1688644707887 0.6882500052452087 64
1688644710074 0.6856250166893005 65
1688644712169 0.6896250247955322 66
1688644714217 0.6915000081062317 67
1688644716423 0.6963750123977661 68
1688644718497 0.6997500061988831 69
1688644720642 0.6974999904632568 70
1688644722718 0.7082499861717224 71
1688644724766 0.7107499837875366 72
1688644727005 0.7166249752044678 73
1688644729065 0.7114999890327454 74
1688644731196 0.7173749804496765 75
1688644733229 0.7229999899864197 76
1688644735299 0.7298750281333923 77
1688644737396 0.7300000190734863 78
1688644739415 0.7303749918937683 79
1688644741569 0.734000027179718 80
1688644743601 0.7378749847412109 81
1688644745628 0.7397500276565552 82
1688644747843 0.7434999942779541 83
1688644749948 0.746999979019165 84
1688644752115 0.7483749985694885 85
1688644754205 0.7455000281333923 86
1688644756392 0.7548750042915344 87
1688644758538 0.7543749809265137 88
1688644760598 0.7553750276565552 89
1688644762788 0.753250002861023 90
1688644764869 0.7592499852180481 91
1688644767014 0.7615000009536743 92
1688644769104 0.7674999833106995 93
1688644771177 0.7670000195503235 94
1688644773415 0.7689999938011169 95
1688644775506 0.7708749771118164 96
1688644777660 0.7722499966621399 97
1688644779750 0.7741249799728394 98
1688644781787 0.7754999995231628 99
