1688644572335 0.024516398087143898 0
1688644574608 0.021771416068077087 1
1688644576650 0.021521495655179024 2
1688644578851 0.021399058401584625 3
1688644581178 0.021236473694443703 4
1688644583424 0.021100660786032677 5
1688644585750 0.021036723628640175 6
1688644587984 0.020893657580018044 7
1688644590271 0.020858950912952423 8
1688644592431 0.02075403556227684 9
1688644594671 0.020679809153079987 10
1688644597032 0.0205443874001503 11
1688644599089 0.0205096285790205 12
1688644601201 0.02037714049220085 13
1688644603224 0.020296789705753326 14
1688644605280 0.020213190466165543 15
1688644607378 0.02006194368004799 16
1688644609381 0.019974123686552048 17
1688644611540 0.019912239164114 18
1688644613557 0.01976778730750084 19
1688644615576 0.019682586193084717 20
1688644617661 0.019540639594197273 21
1688644619679 0.01937677711248398 22
1688644621803 0.019281016662716866 23
1688644623827 0.019165031611919403 24
1688644625841 0.018995974212884903 25
1688644627954 0.018875177949666977 26
1688644629985 0.018766621127724648 27
1688644632150 0.018585223704576492 28
1688644634184 0.018404601141810417 29
1688644636202 0.01821446232497692 30
1688644638334 0.018105337396264076 31
1688644640400 0.017933325842022896 32
1688644642563 0.017750389873981476 33
1688644644580 0.017523398622870445 34
1688644646702 0.017386291176080704 35
1688644648871 0.017149414867162704 36
1688644650900 0.017002446576952934 37
1688644653061 0.016835613176226616 38
1688644655095 0.016587121412158012 39
1688644657203 0.016364436596632004 40
1688644659355 0.016177557408809662 41
1688644661392 0.01594698242843151 42
1688644663568 0.015739893540740013 43
1688644665610 0.015539595857262611 44
1688644667689 0.015318062156438828 45
1688644669858 0.015111085027456284 46
1688644671895 0.014912880025804043 47
1688644674063 0.014659390784800053 48
1688644676141 0.014450818300247192 49
1688644678206 0.01421694178134203 50
1688644680403 0.013982352800667286 51
1688644682504 0.01381230540573597 52
1688644684653 0.013613148592412472 53
1688644686743 0.013397508300840855 54
1688644688887 0.013133344240486622 55
1688644690971 0.012979555875062943 56
1688644693055 0.012740840204060078 57
1688644695209 0.01255921833217144 58
1688644697283 0.012324209325015545 59
1688644699494 0.012135651893913746 60
1688644701554 0.012001344934105873 61
1688644703641 0.011743116192519665 62
1688644705836 0.011552738025784492 63
1688644707887 0.011337836273014545 64
1688644710074 0.011188299395143986 65
1688644712169 0.01099302526563406 66
1688644714217 0.010830181650817394 67
1688644716423 0.010609102435410023 68
1688644718497 0.010449578985571861 69
1688644720642 0.010286090895533562 70
1688644722718 0.010131643153727055 71
1688644724766 0.00996322650462389 72
1688644727005 0.009823414497077465 73
1688644729065 0.009623626247048378 74
1688644731196 0.009470313787460327 75
1688644733229 0.009334485977888107 76
1688644735299 0.009236272424459457 77
1688644737396 0.009081289172172546 78
1688644739415 0.008931811898946762 79
1688644741569 0.00882989913225174 80
1688644743601 0.008659843355417252 81
1688644745628 0.00848290603607893 82
1688644747843 0.008435790427029133 83
1688644749948 0.008249607868492603 84
1688644752115 0.00811941921710968 85
1688644754205 0.008036401122808456 86
1688644756392 0.007944351062178612 87
1688644758538 0.007819273509085178 88
1688644760598 0.007695953827351332 89
1688644762788 0.007603615056723356 90
1688644764869 0.007503414526581764 91
1688644767014 0.007394059095531702 92
1688644769104 0.007266893982887268 93
1688644771177 0.007188554387539625 94
1688644773415 0.0070871044881641865 95
1688644775506 0.006976642180234194 96
1688644777660 0.006898869294673204 97
1688644779750 0.006788415368646383 98
1688644781787 0.006772671826183796 99
