1688566876568 0.26124998927116394 0
1688566877771 0.3151249885559082 1
1688566879023 0.32074999809265137 2
1688566880334 0.3408749997615814 3
1688566881365 0.3632499873638153 4
1688566882446 0.3816249966621399 5
1688566883502 0.39262500405311584 6
1688566884590 0.4097500145435333 7
1688566885644 0.4189999997615814 8
1688566886697 0.42787501215934753 9
1688566887756 0.4347499907016754 10
1688566888997 0.4411250054836273 11
1688566890074 0.4488750100135803 12
1688566891050 0.44975000619888306 13
1688566892080 0.45875000953674316 14
1688566893173 0.4597499966621399 15
1688566894282 0.46674999594688416 16
1688566895406 0.4673750102519989 17
1688566896391 0.46950000524520874 18
1688566897351 0.4737499952316284 19
1688566898321 0.47312501072883606 20
1688566899283 0.4794999957084656 21
1688566900286 0.4752500057220459 22
1688566901256 0.4791249930858612 23
1688566902207 0.48249998688697815 24
1688566903163 0.4841249883174896 25
1688566904119 0.48662498593330383 26
1688566905078 0.4878750145435333 27
1688566906048 0.4907500147819519 28
1688566907007 0.4907500147819519 29
1688566907965 0.49387499690055847 30
1688566908919 0.49687498807907104 31
1688566909876 0.49924999475479126 32
1688566910831 0.5007500052452087 33
1688566911793 0.5018749833106995 34
1688566912751 0.500249981880188 35
1688566913706 0.5042499899864197 36
1688566914667 0.5018749833106995 37
1688566915620 0.5038750171661377 38
1688566916577 0.5044999718666077 39
1688566917538 0.5048750042915344 40
1688566918501 0.5074999928474426 41
1688566919458 0.5053750276565552 42
1688566920431 0.5051249861717224 43
1688566921383 0.5067499876022339 44
1688566922351 0.5108749866485596 45
1688566923320 0.5028749704360962 46
1688566924283 0.5083749890327454 47
1688566925243 0.5072500109672546 48
1688566926207 0.5074999928474426 49
1688566927163 0.5101249814033508 50
1688566928115 0.5098749995231628 51
1688566929074 0.5080000162124634 52
1688566930043 0.5051249861717224 53
1688566931018 0.5086249709129333 54
1688566931974 0.5061249732971191 55
1688566932965 0.5057500004768372 56
1688566933919 0.5076249837875366 57
1688566934877 0.5095000267028809 58
1688566935840 0.5083749890327454 59
1688566936795 0.5052499771118164 60
1688566937754 0.5092499852180481 61
1688566938714 0.5073750019073486 62
1688566939679 0.5071250200271606 63
1688566940660 0.5093749761581421 64
1688566941617 0.5108749866485596 65
1688566942579 0.5093749761581421 66
1688566943542 0.503000020980835 67
1688566944509 0.5080000162124634 68
1688566945460 0.5063750147819519 69
1688566946416 0.5113750100135803 70
1688566947375 0.5091249942779541 71
1688566948346 0.5092499852180481 72
1688566949303 0.5076249837875366 73
1688566950265 0.5076249837875366 74
1688566951249 0.5116249918937683 75
1688566952217 0.5078750252723694 76
1688566953184 0.5067499876022339 77
1688566954151 0.5074999928474426 78
1688566955105 0.5088750123977661 79
1688566956080 0.5057500004768372 80
1688566957047 0.5063750147819519 81
1688566958010 0.5096250176429749 82
1688566958968 0.5096250176429749 83
1688566959943 0.5083749890327454 84
1688566960924 0.5096250176429749 85
1688566961894 0.5040000081062317 86
1688566962866 0.5040000081062317 87
1688566963830 0.5099999904632568 88
1688566964808 0.5091249942779541 89
1688566965770 0.5101249814033508 90
1688566966737 0.5053750276565552 91
1688566967715 0.5082499980926514 92
1688566968679 0.5078750252723694 93
1688566969651 0.5063750147819519 94
1688566970623 0.5081250071525574 95
1688566971603 0.5121250152587891 96
1688566972575 0.5074999928474426 97
1688566973544 0.5112500190734863 98
1688566974516 0.5093749761581421 99
