1688566876568 0.20201320946216583 0
1688566877771 0.14159651100635529 1
1688566879023 0.12875619530677795 2
1688566880334 0.12664228677749634 3
1688566881365 0.12588950991630554 4
1688566882446 0.12515391409397125 5
1688566883502 0.12439567595720291 6
1688566884590 0.12365779280662537 7
1688566885644 0.12292882800102234 8
1688566886697 0.12222068011760712 9
1688566887756 0.1215396597981453 10
1688566888997 0.12092628329992294 11
1688566890074 0.12031424045562744 12
1688566891050 0.11974865943193436 13
1688566892080 0.11921491473913193 14
1688566893173 0.11869580298662186 15
1688566894282 0.11819782853126526 16
1688566895406 0.11774486303329468 17
1688566896391 0.1173068955540657 18
1688566897351 0.11688648164272308 19
1688566898321 0.11646860837936401 20
1688566899283 0.11608084291219711 21
1688566900286 0.11570928990840912 22
1688566901256 0.1153472512960434 23
1688566902207 0.11500170826911926 24
1688566903163 0.114677295088768 25
1688566904119 0.1143561601638794 26
1688566905078 0.11406628787517548 27
1688566906048 0.11379453539848328 28
1688566907007 0.1135128065943718 29
1688566907965 0.11326029151678085 30
1688566908919 0.1130215972661972 31
1688566909876 0.11280412971973419 32
1688566910831 0.11258243769407272 33
1688566911793 0.11237406730651855 34
1688566912751 0.11217382550239563 35
1688566913706 0.11199230700731277 36
1688566914667 0.11179295927286148 37
1688566915620 0.11163780838251114 38
1688566916577 0.1114816889166832 39
1688566917538 0.1113135889172554 40
1688566918501 0.11116502434015274 41
1688566919458 0.11104162782430649 42
1688566920431 0.1108972504734993 43
1688566921383 0.110763780772686 44
1688566922351 0.11064975708723068 45
1688566923320 0.11051755398511887 46
1688566924283 0.11040046066045761 47
1688566925243 0.11030333489179611 48
1688566926207 0.11018935590982437 49
1688566927163 0.11008960753679276 50
1688566928115 0.10997031629085541 51
1688566929074 0.10987203568220139 52
1688566930043 0.10980043560266495 53
1688566931018 0.10970781743526459 54
1688566931974 0.10963133722543716 55
1688566932965 0.10955691337585449 56
1688566933919 0.10946377366781235 57
1688566934877 0.10939489305019379 58
1688566935840 0.10931826382875443 59
1688566936795 0.10925158858299255 60
1688566937754 0.10919094830751419 61
1688566938714 0.10911344736814499 62
1688566939679 0.1090172752737999 63
1688566940660 0.10896708071231842 64
1688566941617 0.10892441123723984 65
1688566942579 0.10886410623788834 66
1688566943542 0.10880500078201294 67
1688566944509 0.1087503507733345 68
1688566945460 0.10870905965566635 69
1688566946416 0.10864746570587158 70
1688566947375 0.10857377201318741 71
1688566948346 0.10854911059141159 72
1688566949303 0.10849643498659134 73
1688566950265 0.10842941701412201 74
1688566951249 0.10836825519800186 75
1688566952217 0.10836154967546463 76
1688566953184 0.10829706490039825 77
1688566954151 0.10825387388467789 78
1688566955105 0.10821090638637543 79
1688566956080 0.10816898941993713 80
1688566957047 0.10813988000154495 81
1688566958010 0.10806465148925781 82
1688566958968 0.1080428808927536 83
1688566959943 0.10801493376493454 84
1688566960924 0.10796236246824265 85
1688566961894 0.10796012729406357 86
1688566962866 0.10789904743432999 87
1688566963830 0.10786586254835129 88
1688566964808 0.10782785713672638 89
1688566965770 0.10778342932462692 90
1688566966737 0.10777094960212708 91
1688566967715 0.10773704946041107 92
1688566968679 0.10770843923091888 93
1688566969651 0.1076691597700119 94
1688566970623 0.10765064507722855 95
1688566971603 0.107591912150383 96
1688566972575 0.10759994387626648 97
1688566973544 0.10754574090242386 98
1688566974516 0.10752583295106888 99
