1688631735497 0.14887499809265137 0
1688631736532 0.1901250034570694 1
1688631737565 0.21687500178813934 2
1688631738507 0.2542499899864197 3
1688631739466 0.29487499594688416 4
1688631740510 0.33387500047683716 5
1688631741546 0.367000013589859 6
1688631742551 0.3863750100135803 7
1688631743560 0.40412500500679016 8
1688631744554 0.41237500309944153 9
1688631745580 0.4253750145435333 10
1688631746619 0.43274998664855957 11
1688631747626 0.43812501430511475 12
1688631748575 0.4398750066757202 13
1688631749540 0.4427500069141388 14
1688631750563 0.44462499022483826 15
1688631751589 0.44587498903274536 16
1688631752633 0.4465000033378601 17
1688631753614 0.4480000138282776 18
1688631754540 0.4480000138282776 19
1688631755481 0.4480000138282776 20
1688631756610 0.44749999046325684 21
1688631757566 0.4476250112056732 22
1688631758506 0.44874998927116394 23
1688631759449 0.4488750100135803 24
1688631760377 0.44850000739097595 25
1688631761332 0.44837498664855957 26
1688631762400 0.4480000138282776 27
1688631763526 0.4482499957084656 28
1688631764527 0.44850000739097595 29
1688631765494 0.4482499957084656 30
1688631766443 0.4493750035762787 31
1688631767382 0.4492500126361847 32
1688631768376 0.4494999945163727 33
1688631769326 0.44850000739097595 34
1688631770265 0.4468750059604645 35
1688631771200 0.4494999945163727 36
1688631772124 0.4514999985694885 37
1688631773055 0.4502499997615814 38
1688631773984 0.44862499833106995 39
1688631774921 0.4507499933242798 40
1688631775934 0.44987499713897705 41
1688631776869 0.4480000138282776 42
1688631777806 0.4514999985694885 43
1688631778740 0.4501250088214874 44
1688631779658 0.44874998927116394 45
1688631780607 0.4505000114440918 46
1688631781541 0.44874998927116394 47
1688631782507 0.45137500762939453 48
1688631783639 0.44987499713897705 49
1688631784596 0.4501250088214874 50
1688631785525 0.4503749907016754 51
1688631786482 0.4490000009536743 52
1688631787581 0.4514999985694885 53
1688631788562 0.44999998807907104 54
1688631789576 0.4503749907016754 55
1688631790615 0.44862499833106995 56
1688631791559 0.44975000619888306 57
1688631792504 0.4505000114440918 58
1688631793569 0.45100000500679016 59
1688631794564 0.45124998688697815 60
1688631795530 0.4503749907016754 61
1688631796461 0.44975000619888306 62
1688631797401 0.4516249895095825 63
1688631798347 0.4488750100135803 64
1688631799313 0.45124998688697815 65
1688631800316 0.45137500762939453 66
1688631801338 0.4493750035762787 67
1688631802366 0.44999998807907104 68
1688631803361 0.45137500762939453 69
1688631804363 0.44999998807907104 70
1688631805401 0.4492500126361847 71
