1688631735497 0.272550106048584 0
1688631736532 0.2131105363368988 1
1688631737565 0.19294416904449463 2
1688631738507 0.1791018694639206 3
1688631739466 0.1666736751794815 4
1688631740510 0.155387744307518 5
1688631741546 0.14519070088863373 6
1688631742551 0.13597601652145386 7
1688631743560 0.12767496705055237 8
1688631744554 0.12028715014457703 9
1688631745580 0.11378202587366104 10
1688631746619 0.10806739330291748 11
1688631747626 0.10304909944534302 12
1688631748575 0.09865998476743698 13
1688631749540 0.09480979293584824 14
1688631750563 0.09144905209541321 15
1688631751589 0.08853298425674438 16
1688631752633 0.0859840139746666 17
1688631753614 0.08379285037517548 18
1688631754540 0.08188234269618988 19
1688631755481 0.08023270219564438 20
1688631756610 0.07879479974508286 21
1688631757566 0.07753871381282806 22
1688631758506 0.07641734182834625 23
1688631759449 0.07540807127952576 24
1688631760377 0.07451064139604568 25
1688631761332 0.07369967550039291 26
1688631762400 0.07297643274068832 27
1688631763526 0.07231564819812775 28
1688631764527 0.07173056155443192 29
1688631765494 0.07117956876754761 30
1688631766443 0.07068082690238953 31
1688631767382 0.07022325694561005 32
1688631768376 0.06981350481510162 33
1688631769326 0.06942487508058548 34
1688631770265 0.06907342374324799 35
1688631771200 0.06875268369913101 36
1688631772124 0.06844539195299149 37
1688631773055 0.06817428767681122 38
1688631773984 0.06791800260543823 39
1688631774921 0.06767825037240982 40
1688631775934 0.06745537370443344 41
1688631776869 0.06724376231431961 42
1688631777806 0.06705465912818909 43
1688631778740 0.06687085330486298 44
1688631779658 0.06669726967811584 45
1688631780607 0.06653562933206558 46
1688631781541 0.0663817748427391 47
1688631782507 0.06623724848031998 48
1688631783639 0.06610150635242462 49
1688631784596 0.06596922129392624 50
1688631785525 0.06584812700748444 51
1688631786482 0.06572843343019485 52
1688631787581 0.06561530381441116 53
1688631788562 0.06550648808479309 54
1688631789576 0.06540220975875854 55
1688631790615 0.06529927253723145 56
1688631791559 0.06520970910787582 57
1688631792504 0.06511666625738144 58
1688631793569 0.06502864509820938 59
1688631794564 0.06494159251451492 60
1688631795530 0.06486214697360992 61
1688631796461 0.06477810442447662 62
1688631797401 0.06470485776662827 63
1688631798347 0.06462522596120834 64
1688631799313 0.0645591989159584 65
1688631800316 0.06448758393526077 66
1688631801338 0.06442040205001831 67
1688631802366 0.06435460597276688 68
1688631803361 0.0642925351858139 69
1688631804363 0.06422575563192368 70
1688631805401 0.06416874378919601 71
