1688631662675 0.35062500834465027 0
1688631663672 0.45274999737739563 1
1688631664678 0.4494999945163727 2
1688631665636 0.44862499833106995 3
1688631666592 0.45249998569488525 4
1688631667841 0.4517500102519989 5
1688631668950 0.44975000619888306 6
1688631669944 0.453249990940094 7
1688631670961 0.44862499833106995 8
1688631672051 0.45362499356269836 9
1688631673057 0.453125 10
1688631674080 0.45087501406669617 11
1688631675075 0.4518750011920929 12
1688631676008 0.44999998807907104 13
1688631676976 0.45112499594688416 14
1688631678005 0.45112499594688416 15
1688631679064 0.453000009059906 16
1688631680423 0.4543749988079071 17
1688631681478 0.4514999985694885 18
1688631682636 0.4480000138282776 19
1688631683696 0.45487499237060547 20
1688631684792 0.4506250023841858 21
1688631685798 0.4492500126361847 22
1688631686978 0.45212501287460327 23
1688631688042 0.4506250023841858 24
1688631689063 0.4501250088214874 25
1688631690073 0.4481250047683716 26
1688631691048 0.4507499933242798 27
1688631692031 0.4516249895095825 28
1688631692997 0.4514999985694885 29
1688631693928 0.4517500102519989 30
1688631694903 0.4492500126361847 31
1688631695933 0.45137500762939453 32
1688631696878 0.45112499594688416 33
1688631697970 0.4505000114440918 34
1688631698924 0.45124998688697815 35
1688631699870 0.4490000009536743 36
1688631700788 0.44850000739097595 37
1688631701727 0.4514999985694885 38
1688631702677 0.4519999921321869 39
1688631703607 0.45237499475479126 40
1688631704649 0.4482499957084656 41
1688631705828 0.44999998807907104 42
1688631706828 0.45087501406669617 43
1688631707794 0.4501250088214874 44
1688631708742 0.4514999985694885 45
1688631709690 0.45524999499320984 46
1688631710629 0.45350000262260437 47
1688631711590 0.4518750011920929 48
1688631712532 0.44850000739097595 49
