1688631662675 0.1797713339328766 0
1688631663672 0.10122737288475037 1
1688631664678 0.08720630407333374 2
1688631665636 0.0834004133939743 3
1688631666592 0.08184421807527542 4
1688631667841 0.08100397884845734 5
1688631668950 0.08039094507694244 6
1688631669944 0.07990643382072449 7
1688631670961 0.07950965315103531 8
1688631672051 0.07921464741230011 9
1688631673057 0.07896337658166885 10
1688631674080 0.0786994993686676 11
1688631675075 0.07854124903678894 12
1688631676008 0.07837541401386261 13
1688631676976 0.07823926210403442 14
1688631678005 0.07810460776090622 15
1688631679064 0.0780070498585701 16
1688631680423 0.07788997888565063 17
1688631681478 0.07781673967838287 18
1688631682636 0.07771405577659607 19
1688631683696 0.07762565463781357 20
1688631684792 0.07758235931396484 21
1688631685798 0.07751263678073883 22
1688631686978 0.07747351378202438 23
1688631688042 0.07742812484502792 24
1688631689063 0.07734912633895874 25
1688631690073 0.07730352133512497 26
1688631691048 0.07726750522851944 27
1688631692031 0.07725615054368973 28
1688631692997 0.07720077782869339 29
1688631693928 0.07714283466339111 30
1688631694903 0.07711219787597656 31
1688631695933 0.0770832896232605 32
1688631696878 0.07707927376031876 33
1688631697970 0.07702825963497162 34
1688631698924 0.07702593505382538 35
1688631699870 0.07696148008108139 36
1688631700788 0.07694809138774872 37
1688631701727 0.07691460847854614 38
1688631702677 0.07691343873739243 39
1688631703607 0.07686915248632431 40
1688631704649 0.07687753438949585 41
1688631705828 0.07683014869689941 42
1688631706828 0.07685403525829315 43
1688631707794 0.07680938392877579 44
1688631708742 0.07677746564149857 45
1688631709690 0.07677304744720459 46
1688631710629 0.07673747837543488 47
1688631711590 0.07672654837369919 48
1688631712532 0.07671422511339188 49
