1688632879051 0.38837501406669617 0
1688632880103 0.5015000104904175 1
1688632881159 0.5055000185966492 2
1688632882141 0.5053750276565552 3
1688632883077 0.5058749914169312 4
1688632884087 0.5093749761581421 5
1688632885139 0.5052499771118164 6
1688632886198 0.5072500109672546 7
1688632887244 0.5051249861717224 8
1688632888253 0.5056250095367432 9
1688632889277 0.5067499876022339 10
1688632890337 0.5103750228881836 11
1688632891391 0.5033749938011169 12
1688632892407 0.5065000057220459 13
1688632893363 0.5072500109672546 14
1688632894359 0.5063750147819519 15
1688632895459 0.5052499771118164 16
1688632896541 0.5016250014305115 17
1688632897587 0.5062500238418579 18
1688632898631 0.5057500004768372 19
1688632899588 0.5053750276565552 20
1688632900524 0.5015000104904175 21
1688632901521 0.5072500109672546 22
1688632902545 0.5068749785423279 23
1688632903499 0.5056250095367432 24
