1688632879051 0.06558587402105331 0
1688632880103 0.04121634364128113 1
1688632881159 0.03529198467731476 2
1688632882141 0.033065229654312134 3
1688632883077 0.031651630997657776 4
1688632884087 0.030727433040738106 5
1688632885139 0.0299545805901289 6
1688632886198 0.029252707958221436 7
1688632887244 0.02882659062743187 8
1688632888253 0.028336215764284134 9
1688632889277 0.02799956314265728 10
1688632890337 0.027598140761256218 11
1688632891391 0.027348101139068604 12
1688632892407 0.027061956003308296 13
1688632893363 0.026827910915017128 14
1688632894359 0.026723507791757584 15
1688632895459 0.026541266590356827 16
1688632896541 0.026417238637804985 17
1688632897587 0.026275064796209335 18
1688632898631 0.02615669183433056 19
1688632899588 0.02609340287744999 20
1688632900524 0.026008551940321922 21
1688632901521 0.025823883712291718 22
1688632902545 0.025692827999591827 23
1688632903499 0.025666218250989914 24
