1688634047721 0.47999998927116394 0
1688634050003 0.49662500619888306 1
1688634052197 0.5005000233650208 2
1688634054276 0.5033749938011169 3
1688634056478 0.5033749938011169 4
1688634058668 0.5067499876022339 5
1688634060881 0.5088750123977661 6
1688634062853 0.5121250152587891 7
1688634065123 0.5109999775886536 8
1688634067318 0.5131250023841858 9
1688634069510 0.5074999928474426 10
1688634071473 0.515625 11
1688634073783 0.5145000219345093 12
1688634075953 0.5192499756813049 13
1688634078178 0.5193750262260437 14
1688634080192 0.5208749771118164 15
1688634082162 0.5273749828338623 16
1688634084222 0.5296249985694885 17
1688634086217 0.5301250219345093 18
1688634088185 0.5353749990463257 19
1688634090250 0.5332499742507935 20
1688634092214 0.531125009059906 21
1688634094283 0.5391250252723694 22
1688634096303 0.5411249995231628 23
1688634098288 0.5485000014305115 24
1688634100365 0.5427500009536743 25
1688634102370 0.5521249771118164 26
1688634104447 0.5512499809265137 27
1688634106426 0.5553749799728394 28
1688634108408 0.5583750009536743 29
1688634110489 0.5556250214576721 30
1688634112474 0.5613750219345093 31
1688634114546 0.5680000185966492 32
1688634116578 0.5717499852180481 33
1688634118608 0.5706250071525574 34
1688634120729 0.577875018119812 35
1688634122723 0.581250011920929 36
1688634124857 0.581125020980835 37
1688634126882 0.5892500281333923 38
1688634128877 0.5892500281333923 39
1688634130981 0.597000002861023 40
1688634133011 0.5951250195503235 41
1688634135148 0.5982499718666077 42
1688634137185 0.6050000190734863 43
1688634139160 0.6081249713897705 44
1688634141290 0.6108750104904175 45
1688634143316 0.6172500252723694 46
1688634145339 0.6192499995231628 47
1688634147519 0.6211249828338623 48
1688634149553 0.6278749704360962 49
1688634151658 0.6261249780654907 50
1688634153712 0.6321250200271606 51
1688634155738 0.6346250176429749 52
1688634157878 0.6367499828338623 53
1688634159953 0.6453750133514404 54
1688634162120 0.6503750085830688 55
1688634164263 0.6474999785423279 56
1688634166416 0.6571249961853027 57
1688634168499 0.6616250276565552 58
1688634170741 0.6666250228881836 59
1688634172849 0.6658750176429749 60
1688634174859 0.6675000190734863 61
1688634176999 0.672124981880188 62
1688634178992 0.6771249771118164 63
1688634181065 0.6796249747276306 64
1688634183175 0.6861249804496765 65
1688634185179 0.6933749914169312 66
1688634187283 0.6909999847412109 67
1688634189280 0.6984999775886536 68
1688634191368 0.6963750123977661 69
1688634193474 0.7014999985694885 70
1688634195478 0.7007499933242798 71
1688634197615 0.7101250290870667 72
1688634199639 0.7112500071525574 73
1688634201698 0.7103750109672546 74
1688634203790 0.7137500047683716 75
1688634205783 0.7161250114440918 76
1688634207863 0.7204999923706055 77
1688634209877 0.721875011920929 78
1688634211930 0.7261250019073486 79
1688634214056 0.7247499823570251 80
1688634216061 0.731249988079071 81
1688634218189 0.7378749847412109 82
1688634220179 0.7377499938011169 83
1688634222256 0.7476249933242798 84
1688634224377 0.7351250052452087 85
1688634226354 0.7423750162124634 86
1688634228462 0.7440000176429749 87
1688634230462 0.7512500286102295 88
1688634232532 0.7478749752044678 89
1688634234638 0.7522500157356262 90
1688634236631 0.7523750066757202 91
1688634238727 0.7617499828338623 92
1688634240767 0.7558749914169312 93
1688634242849 0.7608749866485596 94
1688634244955 0.7634999752044678 95
1688634246982 0.7662500143051147 96
1688634249077 0.7642499804496765 97
1688634251102 0.7684999704360962 98
1688634253173 0.7733749747276306 99
