1688634047721 0.02476719208061695 0
1688634050003 0.02171100117266178 1
1688634052197 0.021468551829457283 2
1688634054276 0.02125050686299801 3
1688634056478 0.021182827651500702 4
1688634058668 0.021020257845520973 5
1688634060881 0.020963381975889206 6
1688634062853 0.02086659148335457 7
1688634065123 0.020807186141610146 8
1688634067318 0.020711839199066162 9
1688634069510 0.020600151270627975 10
1688634071473 0.020526250824332237 11
1688634073783 0.020393820479512215 12
1688634075953 0.02035347931087017 13
1688634078178 0.020211145281791687 14
1688634080192 0.02013573981821537 15
1688634082162 0.020019149407744408 16
1688634084222 0.019948119297623634 17
1688634086217 0.01980009116232395 18
1688634088185 0.019707530736923218 19
1688634090250 0.019587915390729904 20
1688634092214 0.01949743553996086 21
1688634094283 0.01935882866382599 22
1688634096303 0.01920687034726143 23
1688634098288 0.019063595682382584 24
1688634100365 0.018919726833701134 25
1688634102370 0.018834058195352554 26
1688634104447 0.018662381917238235 27
1688634106426 0.01845947653055191 28
1688634108408 0.01830826885998249 29
1688634110489 0.01817408949136734 30
1688634112474 0.0180219616740942 31
1688634114546 0.017801126465201378 32
1688634116578 0.01764950342476368 33
1688634118608 0.01746518351137638 34
1688634120729 0.017271606251597404 35
1688634122723 0.01710125431418419 36
1688634124857 0.016862837597727776 37
1688634126882 0.016679201275110245 38
1688634128877 0.016482442617416382 39
1688634130981 0.016257019713521004 40
1688634133011 0.01608172059059143 41
1688634135148 0.015880469232797623 42
1688634137185 0.015679223462939262 43
1688634139160 0.015477576293051243 44
1688634141290 0.015271817333996296 45
1688634143316 0.015064802020788193 46
1688634145339 0.014872387051582336 47
1688634147519 0.014658250845968723 48
1688634149553 0.014404931105673313 49
1688634151658 0.014230784960091114 50
1688634153712 0.013941586948931217 51
1688634155738 0.01381115522235632 52
1688634157878 0.013604583218693733 53
1688634159953 0.013406035490334034 54
1688634162120 0.013198289088904858 55
1688634164263 0.0129521070048213 56
1688634166416 0.012758060358464718 57
1688634168499 0.012615721672773361 58
1688634170741 0.012324566952884197 59
1688634172849 0.01222505234181881 60
1688634174859 0.012028111144900322 61
1688634176999 0.01184842362999916 62
1688634178992 0.011624556966125965 63
1688634181065 0.011463968083262444 64
1688634183175 0.011248773895204067 65
1688634185179 0.011167632415890694 66
1688634187283 0.010912744328379631 67
1688634189280 0.010776013135910034 68
1688634191368 0.01053964626044035 69
1688634193474 0.010431238450109959 70
1688634195478 0.010267972946166992 71
1688634197615 0.01009305752813816 72
1688634199639 0.009838434867560863 73
1688634201698 0.009780566208064556 74
1688634203790 0.009618031792342663 75
1688634205783 0.009450649842619896 76
1688634207863 0.009371389634907246 77
1688634209877 0.009234481491148472 78
1688634211930 0.00903606042265892 79
1688634214056 0.008934646844863892 80
1688634216061 0.008846866898238659 81
1688634218189 0.008665784262120724 82
1688634220179 0.008575281128287315 83
1688634222256 0.008404410444200039 84
1688634224377 0.008302944712340832 85
1688634226354 0.008196765556931496 86
1688634228462 0.008087011985480785 87
1688634230462 0.008007681928575039 88
1688634232532 0.00787146296352148 89
1688634234638 0.007764051668345928 90
1688634236631 0.00772849889472127 91
1688634238727 0.007507354486733675 92
1688634240767 0.00751371867954731 93
1688634242849 0.007335133384913206 94
1688634244955 0.00728375930339098 95
1688634246982 0.00718745868653059 96
1688634249077 0.007044838275760412 97
1688634251102 0.007001111283898354 98
1688634253173 0.006905530113726854 99
