1688640309755 0.4814999997615814 0
1688640311767 0.49549999833106995 1
1688640313692 0.5038750171661377 2
1688640315817 0.5040000081062317 3
1688640317841 0.5048750042915344 4
1688640319876 0.5042499899864197 5
1688640321987 0.5091249942779541 6
1688640324059 0.5093749761581421 7
1688640326117 0.5148749947547913 8
1688640328195 0.5132499933242798 9
1688640330288 0.518875002861023 10
1688640332353 0.5116249918937683 11
1688640334197 0.515874981880188 12
1688640336131 0.5241249799728394 13
1688640337984 0.5213750004768372 14
1688640339813 0.5176249742507935 15
1688640341742 0.5261250138282776 16
1688640343594 0.5270000100135803 17
1688640345427 0.5299999713897705 18
1688640347382 0.5331249833106995 19
1688640349250 0.5306249856948853 20
1688640351154 0.5362499952316284 21
1688640353039 0.5376250147819519 22
1688640354879 0.5457500219345093 23
1688640356821 0.5419999957084656 24
1688640358787 0.5422499775886536 25
1688640360948 0.5517500042915344 26
1688640362912 0.5558750033378601 27
1688640364768 0.5588750243186951 28
1688640366679 0.5606250166893005 29
1688640368617 0.5582500100135803 30
1688640370503 0.5683749914169312 31
1688640372475 0.5640000104904175 32
1688640374361 0.5692499876022339 33
1688640376327 0.5772500038146973 34
1688640378337 0.5827500224113464 35
1688640380258 0.5796250104904175 36
1688640382223 0.5845000147819519 37
1688640384181 0.5896250009536743 38
1688640386156 0.5920000076293945 39
1688640388197 0.6010000109672546 40
1688640390119 0.6007500290870667 41
1688640392056 0.6054999828338623 42
1688640394051 0.6129999756813049 43
1688640396023 0.6098750233650208 44
1688640398062 0.6221250295639038 45
1688640399949 0.628000020980835 46
1688640401862 0.628125011920929 47
1688640403866 0.6305000185966492 48
1688640405843 0.6383749842643738 49
1688640407768 0.6389999985694885 50
1688640409757 0.6428750157356262 51
1688640411692 0.6546249985694885 52
1688640413667 0.6539999842643738 53
1688640415620 0.6543750166893005 54
1688640417500 0.6583750247955322 55
1688640419533 0.6656249761581421 56
1688640421492 0.6646249890327454 57
1688640423409 0.6711249947547913 58
1688640425484 0.6781250238418579 59
1688640427451 0.6792500019073486 60
1688640429457 0.6777499914169312 61
1688640431394 0.6853749752044678 62
1688640433328 0.690500020980835 63
1688640435426 0.6958749890327454 64
1688640437397 0.6937500238418579 65
1688640439408 0.6947500109672546 66
1688640441385 0.7078750133514404 67
1688640443331 0.7113749980926514 68
1688640445439 0.7095000147819519 69
1688640447410 0.7196249961853027 70
1688640449350 0.718375027179718 71
1688640451403 0.715624988079071 72
1688640453336 0.7158750295639038 73
1688640455421 0.718999981880188 74
1688640457379 0.731124997138977 75
1688640459464 0.7303749918937683 76
1688640461835 0.731249988079071 77
1688640464175 0.7377499938011169 78
1688640466221 0.7354999780654907 79
1688640468573 0.7408750057220459 80
1688640470877 0.7466250061988831 81
1688640473100 0.7428749799728394 82
1688640475738 0.7482500076293945 83
1688640478181 0.7511249780654907 84
1688640480559 0.7556250095367432 85
1688640482992 0.7526249885559082 86
1688640485044 0.7599999904632568 87
1688640487560 0.7543749809265137 88
1688640489697 0.7586249709129333 89
1688640491980 0.7617499828338623 90
1688640494346 0.7663750052452087 91
1688640497239 0.7703750133514404 92
1688640499307 0.768625020980835 93
1688640501294 0.7721250057220459 94
1688640503319 0.7733749747276306 95
1688640505288 0.7776250243186951 96
1688640507456 0.7758749723434448 97
1688640509710 0.777999997138977 98
1688640512083 0.7774999737739563 99
