1688640309755 0.024596629664301872 0
1688640311767 0.021766580641269684 1
1688640313692 0.021502744406461716 2
1688640315817 0.021320445463061333 3
1688640317841 0.02119179256260395 4
1688640319876 0.02110920287668705 5
1688640321987 0.021043159067630768 6
1688640324059 0.020876342430710793 7
1688640326117 0.02075864002108574 8
1688640328195 0.020675325766205788 9
1688640330288 0.02060982584953308 10
1688640332353 0.020533785223960876 11
1688640334197 0.02037917636334896 12
1688640336131 0.02032480575144291 13
1688640337984 0.020173922181129456 14
1688640339813 0.020103009417653084 15
1688640341742 0.019991019740700722 16
1688640343594 0.019843939691781998 17
1688640345427 0.01977180503308773 18
1688640347382 0.019671743735671043 19
1688640349250 0.019552884623408318 20
1688640351154 0.019394919276237488 21
1688640353039 0.019252533093094826 22
1688640354879 0.01909501664340496 23
1688640356821 0.019001556560397148 24
1688640358787 0.01883336342871189 25
1688640360948 0.018673228099942207 26
1688640362912 0.01847269758582115 27
1688640364768 0.018375180661678314 28
1688640366679 0.018118664622306824 29
1688640368617 0.018013136461377144 30
1688640370503 0.01776692271232605 31
1688640372475 0.01763996295630932 32
1688640374361 0.0174141526222229 33
1688640376327 0.017218712717294693 34
1688640378337 0.01701716147363186 35
1688640380258 0.01680726744234562 36
1688640382223 0.016571130603551865 37
1688640384181 0.016366196796298027 38
1688640386156 0.0161677747964859 39
1688640388197 0.01594662293791771 40
1688640390119 0.015742624178528786 41
1688640392056 0.015476769767701626 42
1688640394051 0.015237660147249699 43
1688640396023 0.015017569996416569 44
1688640398062 0.01475635077804327 45
1688640399949 0.014505971223115921 46
1688640401862 0.0142994225025177 47
1688640403866 0.014061135239899158 48
1688640405843 0.013899245299398899 49
1688640407768 0.013628575019538403 50
1688640409757 0.01342746987938881 51
1688640411692 0.013180164620280266 52
1688640413667 0.012999722734093666 53
1688640415620 0.012782410718500614 54
1688640417500 0.012573743239045143 55
1688640419533 0.01230196375399828 56
1688640421492 0.012122353538870811 57
1688640423409 0.01194686908274889 58
1688640425484 0.011701002717018127 59
1688640427451 0.01150696910917759 60
1688640429457 0.01130808237940073 61
1688640431394 0.011129931546747684 62
1688640433328 0.010913354344666004 63
1688640435426 0.01073647104203701 64
1688640437397 0.010631004348397255 65
1688640439408 0.01042802631855011 66
1688640441385 0.010197077877819538 67
1688640443331 0.010045763105154037 68
1688640445439 0.009949841536581516 69
1688640447410 0.009737098589539528 70
1688640449350 0.009606323204934597 71
1688640451403 0.00945129431784153 72
1688640453336 0.009293376468122005 73
1688640455421 0.00909565668553114 74
1688640457379 0.008943540044128895 75
1688640459464 0.008800742216408253 76
1688640461835 0.008694681338965893 77
1688640464175 0.008529789745807648 78
1688640466221 0.008400284685194492 79
1688640468573 0.008319128304719925 80
1688640470877 0.008161579258739948 81
1688640473100 0.008054248057305813 82
1688640475738 0.007902253419160843 83
1688640478181 0.00780497258529067 84
1688640480559 0.007745441049337387 85
1688640482992 0.0075323027558624744 86
1688640485044 0.007460597902536392 87
1688640487560 0.007400218863040209 88
1688640489697 0.007267987355589867 89
1688640491980 0.007163667120039463 90
1688640494346 0.007050810381770134 91
1688640497239 0.007043356075882912 92
1688640499307 0.006884742062538862 93
1688640501294 0.006782877258956432 94
1688640503319 0.006759625859558582 95
1688640505288 0.006682157516479492 96
1688640507456 0.00655236653983593 97
1688640509710 0.006455289199948311 98
1688640512083 0.006387475412338972 99
