1688632537479 0.4111250042915344 0
1688632539057 0.4830000102519989 1
1688632540378 0.492374986410141 2
1688632541918 0.4894999861717224 3
1688632543477 0.4925000071525574 4
1688632544985 0.5005000233650208 5
1688632546507 0.49937498569488525 6
1688632548043 0.4959999918937683 7
1688632549629 0.5051249861717224 8
1688632550992 0.5012500286102295 9
1688632552541 0.5038750171661377 10
1688632554125 0.503000020980835 11
1688632555601 0.5062500238418579 12
1688632556940 0.5139999985694885 13
1688632558290 0.5106250047683716 14
1688632559736 0.5131250023841858 15
1688632561362 0.5164999961853027 16
1688632562794 0.5116249918937683 17
1688632564448 0.5192499756813049 18
