1688632537479 0.033590082079172134 0
1688632539057 0.02380116656422615 1
1688632540378 0.022820666432380676 2
1688632541918 0.02244478277862072 3
1688632543477 0.022090408951044083 4
1688632544985 0.021882671862840652 5
1688632546507 0.021730050444602966 6
1688632548043 0.02156834490597248 7
1688632549629 0.021517163142561913 8
1688632550992 0.021394457668066025 9
1688632552541 0.02122168429195881 10
1688632554125 0.021159430965781212 11
1688632555601 0.021123211830854416 12
1688632556940 0.020986581221222878 13
1688632558290 0.02089211903512478 14
1688632559736 0.0207790806889534 15
1688632561362 0.020659668371081352 16
1688632562794 0.02065071277320385 17
1688632564448 0.020557576790452003 18
