1688485256147 0.22875000536441803 0
1688485257258 0.29875001311302185 1
1688485258408 0.3176249861717224 2
1688485259517 0.3305000066757202 3
1688485260601 0.35762500762939453 4
1688485261580 0.3790000081062317 5
1688485262734 0.39162498712539673 6
1688485263936 0.4087499976158142 7
1688485265096 0.4191249907016754 8
1688485266184 0.4284999966621399 9
1688485267205 0.43575000762939453 10
1688485268224 0.44062501192092896 11
1688485269410 0.4502499997615814 12
1688485270580 0.4518750011920929 13
1688485271709 0.4580000042915344 14
1688485272706 0.46424999833106995 15
1688485273677 0.4701249897480011 16
1688485274660 0.4715000092983246 17
1688485275668 0.4699999988079071 18
1688485276659 0.4754999876022339 19
1688485277633 0.47087499499320984 20
1688485278598 0.47712498903274536 21
1688485279605 0.47712498903274536 22
1688485280838 0.4831250011920929 23
1688485281833 0.4846250116825104 24
1688485282801 0.48774999380111694 25
1688485283765 0.4893749952316284 26
1688485284765 0.4896250069141388 27
1688485285825 0.4934999942779541 28
1688485286793 0.4951249957084656 29
1688485287793 0.49674999713897705 30
1688485288774 0.49775001406669617 31
1688485289798 0.500124990940094 32
1688485290850 0.5018749833106995 33
1688485291829 0.5015000104904175 34
1688485292818 0.49787500500679016 35
1688485293892 0.5022500157356262 36
1688485294874 0.5051249861717224 37
1688485295934 0.5019999742507935 38
1688485297064 0.5044999718666077 39
1688485298040 0.5013750195503235 40
1688485299030 0.5036249756813049 41
1688485300093 0.5066249966621399 42
1688485301130 0.5065000057220459 43
1688485302139 0.5019999742507935 44
1688485303265 0.5070000290870667 45
1688485304256 0.5074999928474426 46
1688485305254 0.5052499771118164 47
1688485306426 0.5066249966621399 48
1688485307413 0.5048750042915344 49
1688485308419 0.5096250176429749 50
1688485309552 0.5077499747276306 51
1688485310575 0.5059999823570251 52
1688485311654 0.5092499852180481 53
1688485312792 0.5111250281333923 54
1688485313778 0.5056250095367432 55
1688485314775 0.5097500085830688 56
1688485315905 0.5095000267028809 57
1688485316978 0.5061249732971191 58
1688485317959 0.5087500214576721 59
1688485319100 0.5073750019073486 60
1688485320106 0.5103750228881836 61
1688485321085 0.5041249990463257 62
1688485322253 0.5077499747276306 63
1688485323263 0.5108749866485596 64
1688485324254 0.5102499723434448 65
1688485325412 0.5038750171661377 66
1688485326666 0.5099999904632568 67
1688485327819 0.5040000081062317 68
1688485328974 0.5078750252723694 69
1688485330001 0.5070000290870667 70
1688485331009 0.5065000057220459 71
1688485332227 0.5055000185966492 72
1688485333253 0.5087500214576721 73
1688485334272 0.5098749995231628 74
1688485335440 0.5044999718666077 75
1688485336480 0.5066249966621399 76
1688485337606 0.5078750252723694 77
1688485338798 0.5082499980926514 78
1688485339819 0.5116249918937683 79
1688485340924 0.5087500214576721 80
1688485342106 0.5080000162124634 81
1688485343194 0.5053750276565552 82
1688485344257 0.5062500238418579 83
1688485345308 0.5057500004768372 84
1688485346368 0.5091249942779541 85
1688485347436 0.5057500004768372 86
1688485348527 0.5048750042915344 87
