1688485256147 0.19891300797462463 0
1688485257258 0.1403089165687561 1
1688485258408 0.1285468488931656 2
1688485259517 0.12668684124946594 3
1688485260601 0.12599770724773407 4
1688485261580 0.12530411779880524 5
1688485262734 0.12459013611078262 6
1688485263936 0.12384801357984543 7
1688485265096 0.12313192337751389 8
1688485266184 0.12239876389503479 9
1688485267205 0.1217213049530983 10
1688485268224 0.12109111249446869 11
1688485269410 0.12048296630382538 12
1688485270580 0.11992060393095016 13
1688485271709 0.11937976628541946 14
1688485272706 0.11887773871421814 15
1688485273677 0.11838474869728088 16
1688485274660 0.11792703717947006 17
1688485275668 0.11749930679798126 18
1688485276659 0.11708667874336243 19
1688485277633 0.11669442802667618 20
1688485278598 0.11630433797836304 21
1688485279605 0.11593073606491089 22
1688485280838 0.11557544022798538 23
1688485281833 0.11525624990463257 24
1688485282801 0.11490994691848755 25
1688485283765 0.1146116778254509 26
1688485284765 0.11430840194225311 27
1688485285825 0.1140265017747879 28
1688485286793 0.11376722902059555 29
1688485287793 0.11352052539587021 30
1688485288774 0.11327926069498062 31
1688485289798 0.11302133649587631 32
1688485290850 0.11280316114425659 33
1688485291829 0.11259812861680984 34
1688485292818 0.11238788068294525 35
1688485293892 0.11221009492874146 36
1688485294874 0.11202635616064072 37
1688485295934 0.11186441779136658 38
1688485297064 0.11169299483299255 39
1688485298040 0.11153964698314667 40
1688485299030 0.11138800531625748 41
1688485300093 0.11124330013990402 42
1688485301130 0.1111145094037056 43
1688485302139 0.1109863668680191 44
1688485303265 0.11086808890104294 45
1688485304256 0.11072870343923569 46
1688485305254 0.1106158196926117 47
1688485306426 0.11050988733768463 48
1688485307413 0.11040566861629486 49
1688485308419 0.11028514802455902 50
1688485309552 0.11019067466259003 51
1688485310575 0.11009347438812256 52
1688485311654 0.1100044697523117 53
1688485312792 0.10992368310689926 54
1688485313778 0.10982951521873474 55
1688485314775 0.10976655036211014 56
1688485315905 0.10967084020376205 57
1688485316978 0.10960493981838226 58
1688485317959 0.1095099151134491 59
1688485319100 0.10943398624658585 60
1688485320106 0.1093655526638031 61
1688485321085 0.10931764543056488 62
1688485322253 0.10923343896865845 63
1688485323263 0.10915525257587433 64
1688485324254 0.10911476612091064 65
1688485325412 0.10904090106487274 66
1688485326666 0.10899180173873901 67
1688485327819 0.1089327335357666 68
1688485328974 0.10888022184371948 69
1688485330001 0.10883889347314835 70
1688485331009 0.10876620560884476 71
1688485332227 0.10871215164661407 72
1688485333253 0.10866262018680573 73
1688485334272 0.10862255841493607 74
1688485335440 0.1085691824555397 75
1688485336480 0.10852371901273727 76
1688485337606 0.10847011208534241 77
1688485338798 0.10844646394252777 78
1688485339819 0.10839027166366577 79
1688485340924 0.10834697633981705 80
1688485342106 0.10830335319042206 81
1688485343194 0.1082795113325119 82
1688485344257 0.10821288824081421 83
1688485345308 0.10818593204021454 84
1688485346368 0.10814132541418076 85
1688485347436 0.10812553763389587 86
1688485348527 0.10806382447481155 87
