1688485479435 0.33787500858306885 0
1688485480589 0.3817499876022339 1
1688485481620 0.3856250047683716 2
1688485482738 0.3815000057220459 3
1688485483843 0.3856250047683716 4
1688485484988 0.38462498784065247 5
1688485486019 0.3804999887943268 6
1688485487080 0.38212499022483826 7
1688485488226 0.3840000033378601 8
1688485489640 0.38350000977516174 9
1688485490728 0.3842499852180481 10
1688485491690 0.3987500071525574 11
1688485492648 0.4047499895095825 12
1688485493682 0.4092499911785126 13
1688485494799 0.4098750054836273 14
1688485495921 0.4078750014305115 15
1688485497057 0.4077500104904175 16
1688485498004 0.40712499618530273 17
1688485498959 0.4092499911785126 18
1688485499917 0.4102500081062317 19
1688485500906 0.4102500081062317 20
1688485501879 0.4076249897480011 21
1688485502808 0.40849998593330383 22
1688485503765 0.4098750054836273 23
1688485504746 0.4101249873638153 24
1688485505706 0.41100001335144043 25
1688485506670 0.41075000166893005 26
1688485507646 0.4090000092983246 27
1688485508604 0.4104999899864197 28
1688485509596 0.4102500081062317 29
1688485510570 0.40562498569488525 30
1688485511515 0.40724998712539673 31
1688485512492 0.4078750014305115 32
1688485513445 0.40849998593330383 33
1688485514404 0.40812501311302185 34
1688485515370 0.40837499499320984 35
1688485516342 0.4101249873638153 36
1688485517299 0.4086250066757202 37
1688485518251 0.4117499887943268 38
1688485519207 0.40950000286102295 39
1688485520183 0.4051249921321869 40
1688485521163 0.4087499976158142 41
1688485522127 0.4078750014305115 42
1688485523101 0.40674999356269836 43
1688485524070 0.40712499618530273 44
1688485525050 0.4074999988079071 45
1688485526016 0.40812501311302185 46
1688485526962 0.4113749861717224 47
1688485527924 0.40825000405311584 48
1688485528933 0.40812501311302185 49
1688485529895 0.40812501311302185 50
1688485530877 0.406125009059906 51
1688485531837 0.4073750078678131 52
1688485532823 0.4073750078678131 53
1688485533788 0.41200000047683716 54
1688485534765 0.4104999899864197 55
1688485535743 0.40950000286102295 56
1688485536685 0.4104999899864197 57
1688485537659 0.4051249921321869 58
1688485538607 0.40712499618530273 59
1688485539545 0.40950000286102295 60
1688485540491 0.40812501311302185 61
1688485541439 0.40712499618530273 62
1688485542385 0.4111250042915344 63
1688485543319 0.4074999988079071 64
1688485544274 0.40674999356269836 65
1688485545231 0.4078750014305115 66
1688485546219 0.40812501311302185 67
1688485547205 0.40712499618530273 68
1688485548205 0.4077500104904175 69
1688485549140 0.4102500081062317 70
1688485550110 0.40937501192092896 71
1688485551073 0.40562498569488525 72
1688485552054 0.40450000762939453 73
1688485553038 0.41200000047683716 74
1688485553996 0.41200000047683716 75
1688485554961 0.40625 76
1688485555946 0.4117499887943268 77
1688485556946 0.4078750014305115 78
1688485557899 0.4074999988079071 79
1688485558860 0.4078750014305115 80
1688485559823 0.40825000405311584 81
1688485560778 0.40700000524520874 82
1688485561764 0.4087499976158142 83
1688485562734 0.4074999988079071 84
1688485563692 0.4073750078678131 85
1688485564623 0.40662500262260437 86
1688485565574 0.41062501072883606 87
1688485566537 0.4077500104904175 88
1688485567570 0.4051249921321869 89
1688485568652 0.4078750014305115 90
1688485569930 0.40950000286102295 91
1688485571278 0.40950000286102295 92
1688485572556 0.4097500145435333 93
1688485573764 0.40937501192092896 94
1688485575024 0.40687501430511475 95
1688485576121 0.4112499952316284 96
1688485577182 0.40525001287460327 97
1688485578375 0.40849998593330383 98
1688485579369 0.4113749861717224 99
