1688485479435 0.19619785249233246 0
1688485480589 0.1325661987066269 1
1688485481620 0.11932168155908585 2
1688485482738 0.1162114366889 3
1688485483843 0.11505487561225891 4
1688485484988 0.11440180987119675 5
1688485486019 0.11392410099506378 6
1688485487080 0.11353442817926407 7
1688485488226 0.11324698477983475 8
1688485489640 0.11298485845327377 9
1688485490728 0.11145876348018646 10
1688485491690 0.0929962545633316 11
1688485492648 0.09185659140348434 12
1688485493682 0.09150577336549759 13
1688485494799 0.0912555530667305 14
1688485495921 0.09106256812810898 15
1688485497057 0.09089314937591553 16
1688485498004 0.09074965119361877 17
1688485498959 0.09064854681491852 18
1688485499917 0.09052956849336624 19
1688485500906 0.09043621271848679 20
1688485501879 0.09035022556781769 21
1688485502808 0.09025521576404572 22
1688485503765 0.09020017087459564 23
1688485504746 0.09015248715877533 24
1688485505706 0.0900910422205925 25
1688485506670 0.0900753065943718 26
1688485507646 0.08997847884893417 27
1688485508604 0.0899495780467987 28
1688485509596 0.08991536498069763 29
1688485510570 0.08986540883779526 30
1688485511515 0.08984366059303284 31
1688485512492 0.0898313969373703 32
1688485513445 0.08979456126689911 33
1688485514404 0.08974915742874146 34
1688485515370 0.08969563990831375 35
1688485516342 0.08970875293016434 36
1688485517299 0.08964897692203522 37
1688485518251 0.08964541554450989 38
1688485519207 0.0896356850862503 39
1688485520183 0.08961137384176254 40
1688485521163 0.08958713710308075 41
1688485522127 0.08959203213453293 42
1688485523101 0.08951231092214584 43
1688485524070 0.08951769769191742 44
1688485525050 0.08951372653245926 45
1688485526016 0.08950957655906677 46
1688485526962 0.08949240297079086 47
1688485527924 0.08942684531211853 48
1688485528933 0.08945149183273315 49
1688485529895 0.08942829817533493 50
1688485530877 0.08941060304641724 51
1688485531837 0.08940500020980835 52
1688485532823 0.08938443660736084 53
1688485533788 0.08937376737594604 54
1688485534765 0.0893671065568924 55
1688485535743 0.08935073018074036 56
1688485536685 0.08933518081903458 57
1688485537659 0.08934875577688217 58
1688485538607 0.0892738327383995 59
1688485539545 0.08933112025260925 60
1688485540491 0.08934242278337479 61
1688485541439 0.08928292989730835 62
1688485542385 0.08927854895591736 63
1688485543319 0.08925626426935196 64
1688485544274 0.08923742175102234 65
1688485545231 0.08924206346273422 66
1688485546219 0.08927139639854431 67
1688485547205 0.08921981602907181 68
1688485548205 0.08922376483678818 69
1688485549140 0.08922275900840759 70
1688485550110 0.08919821679592133 71
1688485551073 0.0891929343342781 72
1688485552054 0.08919387310743332 73
1688485553038 0.08914157748222351 74
1688485553996 0.08918315172195435 75
1688485554961 0.08915027976036072 76
1688485555946 0.08916231989860535 77
1688485556946 0.0891413614153862 78
1688485557899 0.08913223445415497 79
1688485558860 0.08913393318653107 80
1688485559823 0.08914162963628769 81
1688485560778 0.08912423253059387 82
1688485561764 0.08914650976657867 83
1688485562734 0.08913514763116837 84
1688485563692 0.0891169011592865 85
1688485564623 0.08908992260694504 86
1688485565574 0.08910991996526718 87
1688485566537 0.08910906314849854 88
1688485567570 0.08908536285161972 89
1688485568652 0.08908906579017639 90
1688485569930 0.08906240016222 91
1688485571278 0.0890464037656784 92
1688485572556 0.08907908201217651 93
1688485573764 0.08905668556690216 94
1688485575024 0.08908054232597351 95
1688485576121 0.08905290812253952 96
1688485577182 0.08905307948589325 97
1688485578375 0.08907067775726318 98
1688485579369 0.0890398770570755 99
