1688485008769 0.20649999380111694 0
1688485009262 0.2632499933242798 1
1688485009746 0.3256250023841858 2
1688485010264 0.3461250066757202 3
1688485010803 0.36012500524520874 4
1688485011348 0.36412501335144043 5
1688485011901 0.37424999475479126 6
1688485012445 0.37825000286102295 7
1688485012991 0.38187500834465027 8
1688485013589 0.39250001311302185 9
1688485014135 0.3995000123977661 10
1688485014672 0.4022499918937683 11
1688485015162 0.40549999475479126 12
1688485015656 0.4104999899864197 13
1688485016158 0.4111250042915344 14
1688485016667 0.41324999928474426 15
1688485017207 0.42012500762939453 16
1688485017770 0.4181250035762787 17
1688485018278 0.41499999165534973 18
1688485018773 0.42225000262260437 19
1688485019263 0.4202499985694885 20
1688485019757 0.4152500033378601 21
1688485020263 0.4216249883174896 22
1688485020756 0.4181250035762787 23
1688485021247 0.42375001311302185 24
1688485021741 0.42149999737739563 25
1688485022231 0.42087501287460327 26
1688485022719 0.42512500286102295 27
1688485023210 0.42237499356269836 28
1688485023704 0.42774999141693115 29
1688485024198 0.4258750081062317 30
1688485024709 0.42875000834465027 31
1688485025228 0.42787501215934753 32
1688485025721 0.42787501215934753 33
1688485026233 0.4269999861717224 34
1688485026733 0.4322499930858612 35
1688485027270 0.43149998784065247 36
1688485027827 0.42637500166893005 37
1688485028346 0.43037500977516174 38
1688485028884 0.43174999952316284 39
1688485029410 0.4326249957084656 40
1688485029919 0.43050000071525574 41
1688485030492 0.4321250021457672 42
1688485031175 0.4321250021457672 43
1688485031695 0.43562498688697815 44
1688485032199 0.43287500739097595 45
1688485032701 0.4362500011920929 46
1688485033262 0.4388749897480011 47
1688485033788 0.4320000112056732 48
1688485034357 0.4387499988079071 49
1688485034868 0.4345000088214874 50
1688485035372 0.4323750138282776 51
1688485035874 0.43650001287460327 52
1688485036379 0.4339999854564667 53
1688485036881 0.43650001287460327 54
1688485037388 0.43812501430511475 55
1688485037896 0.4346249997615814 56
1688485038397 0.429625004529953 57
1688485038902 0.43799999356269836 58
1688485039402 0.4322499930858612 59
1688485039906 0.43687498569488525 60
1688485040406 0.43562498688697815 61
1688485040908 0.4404999911785126 62
1688485041415 0.43700000643730164 63
1688485041920 0.43549999594688416 64
1688485042430 0.44087499380111694 65
1688485042969 0.43549999594688416 66
1688485043511 0.43662500381469727 67
1688485044039 0.43274998664855957 68
1688485044568 0.43437498807907104 69
1688485045116 0.43412500619888306 70
1688485045634 0.4377500116825104 71
1688485046156 0.4337500035762787 72
1688485046665 0.4390000104904175 73
1688485047182 0.4363749921321869 74
1688485047707 0.445374995470047 75
1688485048216 0.44212499260902405 76
1688485048745 0.43937501311302185 77
1688485049257 0.4386250078678131 78
1688485049769 0.4403750002384186 79
1688485050276 0.43674999475479126 80
1688485050782 0.43437498807907104 81
1688485051290 0.4391250014305115 82
1688485051794 0.4391250014305115 83
1688485052303 0.44200000166893005 84
1688485052808 0.44574999809265137 85
1688485053311 0.4403750002384186 86
1688485053821 0.4403750002384186 87
1688485054329 0.4372499883174896 88
1688485054837 0.4417499899864197 89
1688485055347 0.43849998712539673 90
1688485055872 0.44075000286102295 91
1688485056373 0.4386250078678131 92
1688485056876 0.4456250071525574 93
1688485057384 0.4388749897480011 94
1688485057882 0.44087499380111694 95
1688485058386 0.4415000081062317 96
1688485058889 0.4358749985694885 97
1688485059393 0.44062501192092896 98
1688485059897 0.4424999952316284 99
