1688485008769 1.9721821546554565 0
1688485009262 1.0081381797790527 1
1688485009746 0.5198085904121399 2
1688485010264 0.28559616208076477 3
1688485010803 0.18186035752296448 4
1688485011348 0.14012648165225983 5
1688485011901 0.1248914822936058 6
1688485012445 0.11974948644638062 7
1688485012991 0.11799998581409454 8
1688485013589 0.11723435670137405 9
1688485014135 0.11664021015167236 10
1688485014672 0.11613515764474869 11
1688485015162 0.11572722345590591 12
1688485015656 0.1154366135597229 13
1688485016158 0.11503700911998749 14
1688485016667 0.1148284450173378 15
1688485017207 0.11456508189439774 16
1688485017770 0.11441399157047272 17
1688485018278 0.11418488621711731 18
1688485018773 0.11395372450351715 19
1688485019263 0.11373568326234818 20
1688485019757 0.1137164905667305 21
1688485020263 0.11350664496421814 22
1688485020756 0.11330900341272354 23
1688485021247 0.11317550390958786 24
1688485021741 0.11316142976284027 25
1688485022231 0.11298400163650513 26
1688485022719 0.11282852292060852 27
1688485023210 0.11280548572540283 28
1688485023704 0.11265793442726135 29
1688485024198 0.11251102387905121 30
1688485024709 0.11244485527276993 31
1688485025228 0.11242903023958206 32
1688485025721 0.11225155740976334 33
1688485026233 0.11217601597309113 34
1688485026733 0.1120346188545227 35
1688485027270 0.11192819476127625 36
1688485027827 0.11186255514621735 37
1688485028346 0.11184639483690262 38
1688485028884 0.11174555122852325 39
1688485029410 0.11169902235269547 40
1688485029919 0.11162515729665756 41
1688485030492 0.11153706163167953 42
1688485031175 0.11150767654180527 43
1688485031695 0.11139432340860367 44
1688485032199 0.11134558171033859 45
1688485032701 0.11120614409446716 46
1688485033262 0.11118923127651215 47
1688485033788 0.11114687472581863 48
1688485034357 0.11112157255411148 49
1688485034868 0.11106493324041367 50
1688485035372 0.1109892949461937 51
1688485035874 0.1109047383069992 52
1688485036379 0.11090646684169769 53
1688485036881 0.11079039424657822 54
1688485037388 0.11075881123542786 55
1688485037896 0.11078693717718124 56
1688485038397 0.11077647656202316 57
1688485038902 0.1106184646487236 58
1688485039402 0.11061935126781464 59
1688485039906 0.11057975143194199 60
1688485040406 0.11060024797916412 61
1688485040908 0.11047974228858948 62
1688485041415 0.11048992723226547 63
1688485041920 0.11043734848499298 64
1688485042430 0.1104051023721695 65
1688485042969 0.11044814437627792 66
1688485043511 0.11030843108892441 67
1688485044039 0.11029265820980072 68
1688485044568 0.11025424301624298 69
1688485045116 0.11024361103773117 70
1688485045634 0.11020919680595398 71
1688485046156 0.11018742620944977 72
1688485046665 0.11007623374462128 73
1688485047182 0.11009953916072845 74
1688485047707 0.1101052314043045 75
1688485048216 0.11006572842597961 76
1688485048745 0.11002950370311737 77
1688485049257 0.11008977144956589 78
1688485049769 0.11003443598747253 79
1688485050276 0.11001409590244293 80
1688485050782 0.11000315099954605 81
1688485051290 0.10992634296417236 82
1688485051794 0.1099269688129425 83
1688485052303 0.10989096760749817 84
1688485052808 0.10986940562725067 85
1688485053311 0.10990864038467407 86
1688485053821 0.10980582237243652 87
1688485054329 0.1098976656794548 88
1688485054837 0.1098213717341423 89
1688485055347 0.10980362445116043 90
1688485055872 0.10980691760778427 91
1688485056373 0.109736867249012 92
1688485056876 0.10971128195524216 93
1688485057384 0.10970153659582138 94
1688485057882 0.10962476581335068 95
1688485058386 0.10961275547742844 96
1688485058889 0.1096559539437294 97
1688485059393 0.10963831096887589 98
1688485059897 0.10965996980667114 99
