1688632112618 0.48524999618530273 0
1688632113804 0.4983749985694885 1
1688632114951 0.5044999718666077 2
1688632115984 0.5076249837875366 3
1688632117288 0.499875009059906 4
1688632118499 0.5026249885559082 5
1688632119938 0.5034999847412109 6
1688632121165 0.5019999742507935 7
1688632122388 0.5047500133514404 8
1688632123549 0.5043749809265137 9
1688632124699 0.5048750042915344 10
1688632125769 0.5026249885559082 11
1688632126905 0.5072500109672546 12
1688632128048 0.49950000643730164 13
1688632129183 0.5051249861717224 14
1688632130302 0.5078750252723694 15
1688632131333 0.5057500004768372 16
1688632132399 0.5082499980926514 17
1688632133461 0.5113750100135803 18
1688632134523 0.5076249837875366 19
1688632135591 0.5092499852180481 20
1688632136818 0.5113750100135803 21
1688632137875 0.5120000243186951 22
1688632138910 0.5086249709129333 23
1688632139968 0.5095000267028809 24
1688632141009 0.515500009059906 25
1688632142096 0.5101249814033508 26
1688632143139 0.5091249942779541 27
1688632144163 0.5097500085830688 28
1688632145192 0.5136250257492065 29
1688632146218 0.5132499933242798 30
1688632147293 0.5189999938011169 31
1688632148322 0.512374997138977 32
1688632149366 0.512374997138977 33
1688632150398 0.5151249766349792 34
1688632151415 0.515999972820282 35
1688632152500 0.5127500295639038 36
1688632153528 0.5120000243186951 37
1688632154557 0.5184999704360962 38
1688632155729 0.5131250023841858 39
1688632156927 0.5131250023841858 40
1688632157985 0.518625020980835 41
1688632159027 0.5205000042915344 42
1688632160059 0.5143749713897705 43
1688632161074 0.5197499990463257 44
1688632162230 0.5217499732971191 45
1688632163299 0.5226250290870667 46
1688632164344 0.5210000276565552 47
1688632165400 0.5214999914169312 48
1688632166452 0.5197499990463257 49
1688632167563 0.5257499814033508 50
1688632168743 0.5268750190734863 51
1688632169772 0.5205000042915344 52
1688632170814 0.5245000123977661 53
1688632171858 0.5232499837875366 54
1688632172949 0.5201249718666077 55
1688632173976 0.518750011920929 56
1688632175015 0.5224999785423279 57
1688632176063 0.5246250033378601 58
1688632177085 0.5272499918937683 59
1688632178237 0.5278750061988831 60
1688632179279 0.5224999785423279 61
1688632180308 0.5226250290870667 62
1688632181420 0.5268750190734863 63
1688632182475 0.5276250243186951 64
1688632183546 0.5254999995231628 65
1688632184661 0.5263749957084656 66
1688632185929 0.5288749933242798 67
1688632186989 0.5241249799728394 68
1688632188156 0.5254999995231628 69
1688632189217 0.5322499871253967 70
1688632190273 0.5287500023841858 71
1688632191384 0.5288749933242798 72
1688632192418 0.5286250114440918 73
1688632193500 0.528124988079071 74
1688632194678 0.527999997138977 75
1688632195728 0.5325000286102295 76
1688632196774 0.5247499942779541 77
