1688632112618 0.026938917115330696 0
1688632113804 0.021801507100462914 1
1688632114951 0.021675389260053635 2
1688632115984 0.021503187716007233 3
1688632117288 0.021451201289892197 4
1688632118499 0.021313924342393875 5
1688632119938 0.02129446528851986 6
1688632121165 0.021274257451295853 7
1688632122388 0.02117055281996727 8
1688632123549 0.02118234895169735 9
1688632124699 0.021013934165239334 10
1688632125769 0.021115809679031372 11
1688632126905 0.021027497947216034 12
1688632128048 0.020991211757063866 13
1688632129183 0.020951783284544945 14
1688632130302 0.020932307466864586 15
1688632131333 0.02090592496097088 16
1688632132399 0.020845215767621994 17
1688632133461 0.02083003707230091 18
1688632134523 0.020802229642868042 19
1688632135591 0.020704232156276703 20
1688632136818 0.02074306458234787 21
1688632137875 0.02067185565829277 22
1688632138910 0.020688144490122795 23
1688632139968 0.020677322521805763 24
1688632141009 0.020601116120815277 25
1688632142096 0.020641276612877846 26
1688632143139 0.020592445507645607 27
1688632144163 0.020541192963719368 28
1688632145192 0.020572682842612267 29
1688632146218 0.02054615505039692 30
1688632147293 0.020494868978857994 31
1688632148322 0.02046722173690796 32
1688632149366 0.02049493044614792 33
1688632150398 0.020424505695700645 34
1688632151415 0.020428823307156563 35
1688632152500 0.020413853228092194 36
1688632153528 0.02041022665798664 37
1688632154557 0.020323269069194794 38
1688632155729 0.02030704729259014 39
1688632156927 0.020310718566179276 40
1688632157985 0.02025435119867325 41
1688632159027 0.020230110734701157 42
1688632160059 0.02020125277340412 43
1688632161074 0.020215364173054695 44
1688632162230 0.020223448053002357 45
1688632163299 0.02014307864010334 46
1688632164344 0.020151302218437195 47
1688632165400 0.020120423287153244 48
1688632166452 0.020126590505242348 49
1688632167563 0.02013269066810608 50
1688632168743 0.02008281648159027 51
1688632169772 0.020022697746753693 52
1688632170814 0.020013606175780296 53
1688632171858 0.019990164786577225 54
1688632172949 0.020005779340863228 55
1688632173976 0.019945714622735977 56
1688632175015 0.019944483414292336 57
1688632176063 0.019911812618374825 58
1688632177085 0.019882628694176674 59
1688632178237 0.019876210018992424 60
1688632179279 0.019860047847032547 61
1688632180308 0.019825568422675133 62
1688632181420 0.01985715702176094 63
1688632182475 0.01976727694272995 64
1688632183546 0.01975577138364315 65
1688632184661 0.019810223951935768 66
1688632185929 0.019766731187701225 67
1688632186989 0.019721075892448425 68
1688632188156 0.019708288833498955 69
1688632189217 0.019692350178956985 70
1688632190273 0.019630201160907745 71
1688632191384 0.019672077149152756 72
1688632192418 0.019631104543805122 73
1688632193500 0.019612446427345276 74
1688632194678 0.019657425582408905 75
1688632195728 0.019594503566622734 76
1688632196774 0.019577084109187126 77
