1688644524443 0.024428939446806908 0
1688644526508 0.021696964278817177 1
1688644528770 0.021508963778614998 2
1688644530937 0.021333200857043266 3
1688644533065 0.021123617887496948 4
1688644535146 0.021093420684337616 5
1688644537139 0.020957108587026596 6
1688644539219 0.020942378789186478 7
1688644541206 0.020826317369937897 8
1688644543298 0.020774388685822487 9
1688644545318 0.02066425047814846 10
1688644547346 0.020597705617547035 11
1688644549447 0.02055017091333866 12
1688644551635 0.02042914740741253 13
