1688633283377 0.48487499356269836 0
1688633284923 0.49950000643730164 1
1688633286222 0.4983749985694885 2
1688633287634 0.5 3
1688633289123 0.5042499899864197 4
1688633290651 0.5078750252723694 5
1688633292101 0.5017499923706055 6
1688633293552 0.5015000104904175 7
1688633295069 0.5077499747276306 8
1688633296452 0.5062500238418579 9
1688633297837 0.5139999985694885 10
1688633299293 0.5057500004768372 11
1688633300808 0.5101249814033508 12
1688633302206 0.5111250281333923 13
1688633303499 0.5127500295639038 14
1688633304804 0.5142499804496765 15
1688633306189 0.5081250071525574 16
1688633307487 0.5128750205039978 17
1688633308805 0.515250027179718 18
1688633310130 0.5146250128746033 19
1688633311487 0.5193750262260437 20
1688633312779 0.5163750052452087 21
1688633314079 0.5181249976158142 22
1688633315422 0.515625 23
1688633316782 0.5167499780654907 24
1688633318097 0.5182499885559082 25
1688633319416 0.5176249742507935 26
1688633320779 0.5162500143051147 27
1688633322137 0.5197499990463257 28
1688633323455 0.5221250057220459 29
1688633324798 0.5212500095367432 30
1688633326170 0.5232499837875366 31
1688633327481 0.5236250162124634 32
1688633328800 0.5251250267028809 33
1688633330116 0.5243750214576721 34
1688633331476 0.5285000205039978 35
1688633332773 0.5226250290870667 36
1688633334065 0.528124988079071 37
1688633335369 0.5258749723434448 38
1688633336736 0.5268750190734863 39
1688633338053 0.5303750038146973 40
1688633339366 0.5362499952316284 41
1688633340676 0.5304999947547913 42
1688633342048 0.5276250243186951 43
1688633343351 0.5326250195503235 44
1688633344664 0.534500002861023 45
1688633345984 0.5347499847412109 46
1688633347383 0.5371249914169312 47
1688633348712 0.534375011920929 48
1688633350019 0.5350000262260437 49
1688633351414 0.5354999899864197 50
1688633352750 0.5376250147819519 51
1688633354109 0.5387499928474426 52
1688633355434 0.5348749756813049 53
1688633356812 0.5418750047683716 54
1688633358425 0.5400000214576721 55
1688633359914 0.5418750047683716 56
1688633361372 0.5426250100135803 57
1688633362781 0.5462499856948853 58
1688633364199 0.5427500009536743 59
1688633365552 0.5443750023841858 60
1688633366916 0.5485000014305115 61
1688633368371 0.543624997138977 62
1688633369794 0.546625018119812 63
1688633371389 0.5506250262260437 64
1688633372877 0.550000011920929 65
1688633374269 0.5504999756813049 66
