1688633283377 0.02577776089310646 0
1688633284923 0.021649070084095 1
1688633286222 0.021397078409790993 2
1688633287634 0.021222617477178574 3
1688633289123 0.021146129816770554 4
1688633290651 0.02107437513768673 5
1688633292101 0.0210233386605978 6
1688633293552 0.020880071446299553 7
1688633295069 0.020853182300925255 8
1688633296452 0.020855853334069252 9
1688633297837 0.02079964242875576 10
1688633299293 0.020720794796943665 11
1688633300808 0.020710768178105354 12
1688633302206 0.020663471892476082 13
1688633303499 0.02062961459159851 14
1688633304804 0.020543554797768593 15
1688633306189 0.020543981343507767 16
1688633307487 0.020493624731898308 17
1688633308805 0.020495574921369553 18
1688633310130 0.020426250994205475 19
1688633311487 0.020371589809656143 20
1688633312779 0.020386118441820145 21
1688633314079 0.02035120315849781 22
1688633315422 0.020265525206923485 23
1688633316782 0.02024022489786148 24
1688633318097 0.02024322934448719 25
1688633319416 0.0201860498636961 26
1688633320779 0.02014702558517456 27
1688633322137 0.020097654312849045 28
1688633323455 0.02003677375614643 29
1688633324798 0.020027827471494675 30
1688633326170 0.01997673325240612 31
1688633327481 0.019979203119874 32
1688633328800 0.019922427833080292 33
1688633330116 0.01988968439400196 34
1688633331476 0.01988730952143669 35
1688633332773 0.019832374528050423 36
1688633334065 0.019788654521107674 37
1688633335369 0.019747313112020493 38
1688633336736 0.01974000595510006 39
1688633338053 0.019665401428937912 40
1688633339366 0.019649241119623184 41
1688633340676 0.019625205546617508 42
1688633342048 0.019605159759521484 43
1688633343351 0.019526157528162003 44
1688633344664 0.019514761865139008 45
1688633345984 0.019468748942017555 46
1688633347383 0.019417956471443176 47
1688633348712 0.019371647387742996 48
1688633350019 0.019331585615873337 49
1688633351414 0.019320789724588394 50
1688633352750 0.019282270222902298 51
1688633354109 0.019233137369155884 52
1688633355434 0.019194111227989197 53
1688633356812 0.01916697435081005 54
1688633358425 0.01910649612545967 55
1688633359914 0.019088484346866608 56
1688633361372 0.01898171380162239 57
1688633362781 0.018970822915434837 58
1688633364199 0.01895429752767086 59
1688633365552 0.018877124413847923 60
1688633366916 0.018855685368180275 61
1688633368371 0.018799005076289177 62
1688633369794 0.018765563145279884 63
1688633371389 0.018726620823144913 64
1688633372877 0.018717341125011444 65
1688633374269 0.01862369291484356 66
