1688632294612 0.4411250054836273 0
1688632295845 0.47975000739097595 1
1688632297007 0.47350001335144043 2
1688632298081 0.47712498903274536 3
1688632299284 0.4886249899864197 4
1688632300498 0.48387500643730164 5
1688632301669 0.4807499945163727 6
1688632302873 0.4869999885559082 7
1688632304109 0.4882499873638153 8
1688632305302 0.4830000102519989 9
1688632306495 0.48762500286102295 10
1688632307568 0.4873749911785126 11
1688632308683 0.48762500286102295 12
1688632309896 0.4958750009536743 13
1688632311098 0.4936249852180481 14
1688632312287 0.4961250126361847 15
1688632313351 0.4959999918937683 16
1688632314449 0.4892500042915344 17
1688632315500 0.49037501215934753 18
1688632316569 0.492249995470047 19
1688632317635 0.49312499165534973 20
1688632318729 0.4925000071525574 21
1688632319865 0.49549999833106995 22
1688632320968 0.49900001287460327 23
1688632322053 0.49024999141693115 24
1688632323147 0.4932500123977661 25
1688632324235 0.4957500100135803 26
1688632325372 0.49287500977516174 27
1688632326457 0.4909999966621399 28
1688632327566 0.4961250126361847 29
1688632328670 0.4959999918937683 30
1688632329889 0.4988749921321869 31
