1688632294612 0.03117116540670395 0
1688632295845 0.024656862020492554 1
1688632297007 0.024216216057538986 2
1688632298081 0.024008609354496002 3
1688632299284 0.023644771426916122 4
1688632300498 0.023697327822446823 5
1688632301669 0.02355428971350193 6
1688632302873 0.02330048754811287 7
1688632304109 0.023196235299110413 8
1688632305302 0.023272985592484474 9
1688632306495 0.023063644766807556 10
1688632307568 0.02308562956750393 11
1688632308683 0.022976277396082878 12
1688632309896 0.022907273843884468 13
1688632311098 0.022907519713044167 14
1688632312287 0.022845622152090073 15
1688632313351 0.022936945781111717 16
1688632314449 0.022819383069872856 17
1688632315500 0.02281748130917549 18
1688632316569 0.02275371365249157 19
1688632317635 0.022760270163416862 20
1688632318729 0.022587526589632034 21
1688632319865 0.02262881025671959 22
1688632320968 0.02258928492665291 23
1688632322053 0.022494079545140266 24
1688632323147 0.02244967594742775 25
1688632324235 0.02251923270523548 26
1688632325372 0.022571133449673653 27
1688632326457 0.02250225469470024 28
1688632327566 0.022488730028271675 29
1688632328670 0.022415954619646072 30
1688632329889 0.022409118711948395 31
