1688484817289 0.20024999976158142 0
1688484818049 0.2003750056028366 1
1688484818843 0.2003750056028366 2
1688484819634 0.2003750056028366 3
1688484820427 0.2003750056028366 4
1688484821210 0.2003750056028366 5
1688484821959 0.2003750056028366 6
1688484822666 0.2003750056028366 7
1688484823379 0.2003750056028366 8
1688484824111 0.2003750056028366 9
1688484824846 0.2003750056028366 10
1688484825613 0.2003750056028366 11
1688484826325 0.2003750056028366 12
1688484827035 0.2003750056028366 13
1688484827743 0.2003750056028366 14
1688484828466 0.2003750056028366 15
1688484829179 0.2003750056028366 16
1688484829899 0.2003750056028366 17
1688484830619 0.2003750056028366 18
1688484831353 0.2003750056028366 19
1688484832072 0.2003750056028366 20
