1688484817289 0.94063401222229 0
1688484818049 0.12905432283878326 1
1688484818843 0.12904411554336548 2
1688484819634 0.12904657423496246 3
1688484820427 0.12904119491577148 4
1688484821210 0.12903735041618347 5
1688484821959 0.12903578579425812 6
1688484822666 0.12904667854309082 7
1688484823379 0.12904182076454163 8
1688484824111 0.12904632091522217 9
1688484824846 0.1290443390607834 10
1688484825613 0.12903644144535065 11
1688484826325 0.129043310880661 12
1688484827035 0.12903693318367004 13
1688484827743 0.12904252111911774 14
1688484828466 0.12903770804405212 15
1688484829179 0.12904572486877441 16
1688484829899 0.12904435396194458 17
1688484830619 0.12903739511966705 18
1688484831353 0.12904119491577148 19
1688484832072 0.12903833389282227 20
