1688638616804 0.4871250092983246 0
1688638618986 0.4970000088214874 1
1688638621091 0.5058749914169312 2
1688638623123 0.5017499923706055 3
1688638625151 0.5068749785423279 4
1688638627248 0.5113750100135803 5
1688638629291 0.5070000290870667 6
1688638631432 0.5116249918937683 7
1688638633389 0.5108749866485596 8
1688638635446 0.515625 9
1688638637600 0.5127500295639038 10
1688638639577 0.5106250047683716 11
1688638641448 0.518750011920929 12
1688638643364 0.5182499885559082 13
1688638645230 0.5164999961853027 14
1688638647180 0.5217499732971191 15
1688638649067 0.5262500047683716 16
1688638650947 0.5224999785423279 17
1688638652967 0.5228750109672546 18
1688638654847 0.531374990940094 19
1688638656707 0.5360000133514404 20
1688638658653 0.5364999771118164 21
1688638660525 0.5383750200271606 22
1688638662489 0.5416250228881836 23
1688638664382 0.5387499928474426 24
1688638666282 0.5440000295639038 25
1688638668266 0.546750009059906 26
1688638670175 0.549875020980835 27
1688638672106 0.5492500066757202 28
1688638674108 0.5565000176429749 29
1688638676008 0.5591250061988831 30
1688638677972 0.5637500286102295 31
1688638679913 0.5634999871253967 32
1688638681871 0.5721250176429749 33
1688638683893 0.5737500190734863 34
1688638685809 0.5702499747276306 35
1688638687770 0.578499972820282 36
1688638689802 0.5862500071525574 37
1688638691790 0.5871250033378601 38
1688638693835 0.593500018119812 39
1688638695768 0.5947499871253967 40
1688638697741 0.5982499718666077 41
1688638699755 0.5981249809265137 42
1688638701757 0.6075000166893005 43
1688638703766 0.6066250205039978 44
1688638705749 0.6115000247955322 45
1688638707733 0.6225000023841858 46
1688638709770 0.6288750171661377 47
1688638711770 0.6277499794960022 48
1688638713758 0.6362500190734863 49
1688638715787 0.6388750076293945 50
1688638717760 0.6386250257492065 51
1688638719788 0.6439999938011169 52
1688638721808 0.6486250162124634 53
1688638723785 0.6486250162124634 54
1688638725827 0.65625 55
1688638727809 0.6591249704360962 56
1688638729817 0.6589999794960022 57
1688638731838 0.6661249995231628 58
1688638733793 0.6664999723434448 59
1688638735816 0.671750009059906 60
1688638737794 0.6798750162124634 61
1688638739725 0.6846250295639038 62
1688638741891 0.6828749775886536 63
1688638743876 0.6862499713897705 64
1688638745922 0.6917499899864197 65
1688638747923 0.6937500238418579 66
1688638749873 0.7023749947547913 67
1688638751977 0.7023749947547913 68
1688638753950 0.7083749771118164 69
1688638755978 0.7051249742507935 70
1688638757952 0.7131249904632568 71
1688638759902 0.7145000100135803 72
1688638762035 0.721750020980835 73
1688638764023 0.7200000286102295 74
1688638766016 0.7158750295639038 75
1688638768054 0.7263749837875366 76
1688638770002 0.7252500057220459 77
1688638772112 0.7319999933242798 78
1688638774133 0.7397500276565552 79
1688638776105 0.734125018119812 80
1688638778180 0.7322499752044678 81
1688638780154 0.7360000014305115 82
1688638782270 0.7507500052452087 83
1688638784272 0.7421249747276306 84
1688638786240 0.7482500076293945 85
1688638788327 0.7461249828338623 86
1688638790278 0.7544999718666077 87
1688638792360 0.7547500133514404 88
1688638794354 0.7557500004768372 89
1688638796302 0.7607499957084656 90
1688638798375 0.7568749785423279 91
1688638800325 0.7622500061988831 92
1688638802393 0.7664999961853027 93
1688638804390 0.7634999752044678 94
1688638806344 0.765250027179718 95
1688638808428 0.7677500247955322 96
1688638810371 0.7706249952316284 97
1688638812410 0.7731249928474426 98
1688638814476 0.7773749828338623 99
