1688638616804 0.024462852627038956 0
1688638618986 0.021715983748435974 1
1688638621091 0.021446527913212776 2
1688638623123 0.021326271817088127 3
1688638625151 0.021147746592760086 4
1688638627248 0.02105061151087284 5
1688638629291 0.020967572927474976 6
1688638631432 0.0208346638828516 7
1688638633389 0.020816540345549583 8
1688638635446 0.0207105353474617 9
1688638637600 0.020554522052407265 10
1688638639577 0.020507382228970528 11
1688638641448 0.020440369844436646 12
1688638643364 0.020312732085585594 13
1688638645230 0.02022281475365162 14
1688638647180 0.0201093889772892 15
1688638649067 0.02000751718878746 16
1688638650947 0.01996530406177044 17
1688638652967 0.019800035282969475 18
1688638654847 0.019691314548254013 19
1688638656707 0.0195685513317585 20
1688638658653 0.019422171637415886 21
1688638660525 0.019334616139531136 22
1688638662489 0.019159682095050812 23
1688638664382 0.01902058534324169 24
1688638666282 0.01889956369996071 25
1688638668266 0.018768351525068283 26
1688638670175 0.01862449385225773 27
1688638672106 0.018475564196705818 28
1688638674108 0.018280915915966034 29
1688638676008 0.018103279173374176 30
1688638677972 0.017955319955945015 31
1688638679913 0.017788294702768326 32
1688638681871 0.017577476799488068 33
1688638683893 0.01741139590740204 34
1688638685809 0.017179913818836212 35
1688638687770 0.017009850591421127 36
1688638689802 0.01680646277964115 37
1688638691790 0.016561243683099747 38
1688638693835 0.016377313062548637 39
1688638695768 0.01607164740562439 40
1688638697741 0.01590808667242527 41
1688638699755 0.01572510600090027 42
1688638701757 0.01555345393717289 43
1688638703766 0.015283739194273949 44
1688638705749 0.015089870430529118 45
1688638707733 0.014832857064902782 46
1688638709770 0.014624065719544888 47
1688638711770 0.014405873604118824 48
1688638713758 0.014120284467935562 49
1688638715787 0.013915186747908592 50
1688638717760 0.01382460817694664 51
1688638719788 0.013532973825931549 52
1688638721808 0.01326789241284132 53
1688638723785 0.01309543289244175 54
1688638725827 0.012835375964641571 55
1688638727809 0.012690212577581406 56
1688638729817 0.012432757765054703 57
1688638731838 0.012224777601659298 58
1688638733793 0.012043305672705173 59
1688638735816 0.011812487617135048 60
1688638737794 0.011640145443379879 61
1688638739725 0.011452085338532925 62
1688638741891 0.011267698369920254 63
1688638743876 0.011023005470633507 64
1688638745922 0.010842508636415005 65
1688638747923 0.010678081773221493 66
1688638749873 0.010501992888748646 67
1688638751977 0.010345316492021084 68
1688638753950 0.010180605575442314 69
1688638755978 0.009979884140193462 70
1688638757952 0.00978549849241972 71
1688638759902 0.009688016027212143 72
1688638762035 0.009489545598626137 73
1688638764023 0.009345358237624168 74
1688638766016 0.009249735623598099 75
1688638768054 0.00904724933207035 76
1688638770002 0.008956646546721458 77
1688638772112 0.00877898745238781 78
1688638774133 0.008616452105343342 79
1688638776105 0.008515426889061928 80
1688638778180 0.00840547401458025 81
1688638780154 0.00828269962221384 82
1688638782270 0.008093799464404583 83
1688638784272 0.007978025823831558 84
1688638786240 0.007868732325732708 85
1688638788327 0.007701321970671415 86
1688638790278 0.007650964893400669 87
1688638792360 0.0075587984174489975 88
1688638794354 0.007463631685823202 89
1688638796302 0.007360685151070356 90
1688638798375 0.0072104437276721 91
1688638800325 0.007081236224621534 92
1688638802393 0.007057634182274342 93
1688638804390 0.006924966815859079 94
1688638806344 0.006833813618868589 95
1688638808428 0.006817219778895378 96
1688638810371 0.006622411776334047 97
1688638812410 0.006536113563925028 98
1688638814476 0.006553262006491423 99
