1688633009947 0.42899999022483826 0
1688633012120 0.48124998807907104 1
1688633014217 0.4860000014305115 2
1688633016287 0.4959999918937683 3
1688633018348 0.4958750009536743 4
1688633020452 0.5007500052452087 5
1688633022626 0.49900001287460327 6
1688633024546 0.5009999871253967 7
1688633026706 0.5057500004768372 8
1688633028829 0.5033749938011169 9
1688633030797 0.5099999904632568 10
1688633032718 0.5101249814033508 11
1688633034663 0.515250027179718 12
1688633036784 0.5078750252723694 13
1688633039042 0.5072500109672546 14
1688633041100 0.5174999833106995 15
1688633043219 0.5131250023841858 16
1688633045216 0.5181249976158142 17
1688633047236 0.5236250162124634 18
1688633049328 0.5254999995231628 19
1688633051259 0.5242499709129333 20
1688633053299 0.5212500095367432 21
1688633055169 0.5210000276565552 22
1688633057137 0.5243750214576721 23
1688633059192 0.5291249752044678 24
1688633061115 0.5260000228881836 25
1688633063229 0.5285000205039978 26
1688633065227 0.5341249704360962 27
1688633067531 0.5337499976158142 28
1688633069564 0.5293750166893005 29
1688633071507 0.5337499976158142 30
1688633073600 0.5422499775886536 31
1688633075752 0.5364999771118164 32
1688633077644 0.5353749990463257 33
1688633079625 0.5477499961853027 34
1688633081482 0.5475000143051147 35
