1688633009947 0.030610065907239914 0
1688633012120 0.023424949496984482 1
1688633014217 0.02270568162202835 2
1688633016287 0.02234426885843277 3
1688633018348 0.021959610283374786 4
1688633020452 0.02184273675084114 5
1688633022626 0.021699022501707077 6
1688633024546 0.021509772166609764 7
1688633026706 0.021432943642139435 8
1688633028829 0.021304773166775703 9
1688633030797 0.021168606355786324 10
1688633032718 0.021167930215597153 11
1688633034663 0.02098819613456726 12
1688633036784 0.020980725064873695 13
1688633039042 0.020814906805753708 14
1688633041100 0.02080591395497322 15
1688633043219 0.020668726414442062 16
1688633045216 0.020608441904187202 17
1688633047236 0.020586691796779633 18
1688633049328 0.020462362095713615 19
1688633051259 0.020357288420200348 20
1688633053299 0.020332835614681244 21
1688633055169 0.020266816020011902 22
1688633057137 0.020156919956207275 23
1688633059192 0.020083997398614883 24
1688633061115 0.019938994199037552 25
1688633063229 0.019915884360671043 26
1688633065227 0.019852671772241592 27
1688633067531 0.019703615456819534 28
1688633069564 0.019707418978214264 29
1688633071507 0.019610097631812096 30
1688633073600 0.01954590529203415 31
1688633075752 0.019425004720687866 32
1688633077644 0.019333884119987488 33
1688633079625 0.01927967742085457 34
1688633081482 0.01914624497294426 35
